514
1571
1660
1343
1768
2277
1829
1850
2168
1563
994
994
1578
1789
1458
890
627
409
753
1531
1243
989
1304
1201
561
455
753
734
893
1411
1208
918
1225
667
12
-128
-88
-110
-178
88
213
289
-9
-40
-186
-322
210
258
84
-102
-218
111
514
-111
-780
-217
82
-546
-962
-884
-834
-1113
-537
-52
-456
-397
-447
-1106
-1322
-1294
-1327
-1059
-1284
-1247
-894
-862
-971
-968
-1082
-1640
-1733
-1499
-1710
-1631
-1131
-1300
-1726
-1655
-1803
-1759
-1414
-1497
-1648
-1326
-1129
-2035
-2912
-3426
-3172
-2979
-2979
-2235
-1519
-1605
-1701
-1350
-1563
-1387
-837
-1231
-2120
-2101
-2654
-2139
-1035
-1128
-752
-497
-1015
-1746
-653
-614
-1865
-1329
-853
-1369
-1582
-877
-546
-983
-660
-371
-807
-946
-331
-93
-483
-208
410
108
-485
57
303
524
1052
1035
618
296
246
678
1134
1087
942
1104
1236
958
932
921
1230
1243
989
1852
2221
2109
2018
1509
905
692
1484
1818
1590
1984
2369
1946
1742
1757
1241
961
1624
1815
1437
1222
1308
1598
1492
1838
2096
1996
1647
1675
1822
2104
2363
1795
1757
2176
2088
1715
1635
1907
1563
1492
1751
1765
1843
1791
1934
1147
997
1103
134
446
669
575
335
29
46
241
647
-331
-145
940
352
-55
565
519
-240
269
906
617
42
354
583
-93
335
614
-816
-2516
-2398
-2145
-2773
-2346
-1483
-1420
-1630
-1208
-1048
-1051
-650
-624
-1127
-2110
-2488
-2129
-1520
-582
-219
-257
-273
14
-291
-1403
-1398
-1086
-1532
-1728
-1655
-2236
-2573
-1916
-1569
-1422
-907
-877
-1616
-2349
-2116
-1378
-1228
-1487
-1332
-932
-1326
-1556
-843
-11
-883
-1146
-235
-762
-1218
-418
-303
-1307
-559
-269
-318
131
-28
-186
-805
-818
-673
-368
-714
-826
-34
-803
-1024
-901
-628
-505
-738
-19
-263
-905
-957
-14
-144
-522
399
419
-185
229
715
625
1220
1745
1566
1407
1958
1231
481
866
854
1352
1785
1696
1636
1293
767
584
769
1371
1859
1167
593
911
1007
925
950
812
658
421
893
875
675
1559
1713
1229
1325
1659
1097
1520
1482
656
1064
1152
933
833
1547
1279
578
1453
1778
1615
872
940
684
-773
-1007
-975
-555
504
1367
1464
1039
1319
2263
1444
648
1509
1398
760
1085
1502
1190
1866
1996
871
1679
2326
1226
631
1261
1154
651
1160
1161
368
-120
88
322
439
646
729
327
-388
-246
-20
-878
-581
7
-94
136
-216
-245
-170
-240
-636
-507
-302
-1403
-788
-341
-526
-704
-1074
-738
-1455
-1237
-1021
-959
-992
-1190
-1025
-2069
-1667
-1199
-1421
-1380
-1536
-1321
-1403
-1166
-1617
-2171
-1306
-1189
-1341
-1233
-880
-1471
-1808
-933
-1200
-1671
-1402
-986
-1388
-1157
-454
-204
-103
-437
-358
-446
-870
-100
341
-159
-23
-177
-799
-434
112
-421
-313
-240
-394
-157
220
86
-519
-165
-334
-927
-578
-220
-196
-585
-587
-174
-456
-344
272
67
-901
-290
12
-268
-157
-804
-948
-272
-409
-951
-106
-73
-1026
-941
-1173
-2656
-3218
-1806
-774
-1608
-1384
-341
-72
-37
308
-214
-1237
-607
169
-636
-786
213
99
-327
-547
78
408
-26
625
566
-550
-352
-258
-773
-497
96
542
230
-68
200
-19
-314
86
129
-418
215
344
-180
-226
-68
-74
-437
-24
144
-138
-858
-233
404
-596
-1012
211
130
-1309
-276
103
-516
-275
233
-379
-786
98
-551
-489
226
456
254
126
764
669
621
569
641
553
1154
1759
1072
1308
2274
2047
1255
1772
1418
928
1804
2244
1584
1210
1952
1730
1540
1868
2250
2145
2213
2460
2060
2082
1787
2029
2190
1918
2032
2001
2109
1961
1916
1891
1927
2074
2037
1743
1588
1758
1370
1717
1855
1843
1476
1030
1295
1029
808
972
1701
1242
1306
1611
169
325
1275
1100
470
165
435
-161
-488
-859
-2101
-2527
-1760
-740
-1175
-1230
-14
698
357
-182
-823
-959
246
707
-149
-1403
-979
722
1182
571
448
693
493
1044
1099
162
-307
-556
-593
-562
-556
-577
-594
-258
-559
-854
-1163
-1230
-997
-1995
-2681
-2342
-2020
-1963
-2101
-2280
-2448
-2503
-2922
-2511
-1622
-2553
-2616
-1996
-2168
-2706
-2360
-2096
-3014
-1972
-1537
-2265
-1774
-1337
-1613
-2040
-1699
-1944
-1800
-1489
-2012
-1727
-1476
-1132
-1072
-1282
-1063
-999
-1224
-947
-405
-859
-1118
-508
-325
-592
-60
152
-668
-723
351
303
-382
443
511
-527
-281
-206
-982
-961
-346
-57
-570
-144
759
-36
-388
306
292
-248
169
199
-281
327
465
172
139
282
316
-152
383
704
78
160
-103
-159
-61
-157
-166
56
566
-45
-362
-248
-372
400
898
715
428
717
959
54
-167
-762
-1028
-361
260
1108
1362
1753
2410
1876
611
1080
1927
2414
2973
3297
2139
1301
2384
1809
1085
1269
1699
2167
2014
1948
2031
1773
1496
1494
1034
756
611
371
958
1159
453
732
1080
843
976
675
214
662
922
650
507
581
657
363
699
749
964
967
757
979
667
681
800
854
108
368
823
-185
297
660
113
-374
241
231
-808
66
45
-572
-925
-353
-129
-912
-394
-315
-1009
-1151
-1008
-1427
-1080
-709
-971
-784
-791
-1395
-1370
-1140
-1307
-961
-668
-966
-1041
-935
-539
-211
-443
-662
-1235
-1740
-1579
-631
-461
-959
-1325
-1136
-911
-1480
-1170
-342
-296
-714
-887
-415
-570
-835
-325
-63
-6
112
269
384
170
31
1085
615
213
718
435
395
596
1171
440
579
1068
192
443
863
217
-795
-799
-1078
-1517
63
843
439
620
757
494
185
1235
1843
960
-387
-1297
-636
850
1567
801
633
1333
1245
551
52
485
1270
658
-151
268
583
504
442
303
-199
-35
226
198
266
-683
-631
-174
-76
139
252
410
-775
-1091
-22
242
151
152
259
-221
-553
-326
-268
266
129
-95
-43
-226
-426
-659
-267
-540
-767
222
705
-211
-553
20
-560
-1177
-569
-189
-656
-319
-115
-372
-320
-52
122
-474
-269
268
1
-340
-10
121
-210
124
640
536
434
361
306
-34
-558
-518
-349
415
215
-698
-262
296
527
774
728
726
343
199
51
-57
399
367
645
1090
794
74
-538
-814
-608
404
987
396
-141
-218
-78
-460
-471
77
-154
18
257
-77
-25
-13
-176
-749
-1013
-125
23
-624
-1552
-3310
-4201
-3504
-1525
-186
-784
-2163
-2063
-633
-1640
-3051
-1857
-263
-361
-2063
-3202
-2274
-24
1037
52
-825
-212
148
-736
-1049
-767
121
817
229
-209
-268
-373
-144
15
367
977
663
-33
47
452
422
667
603
1311
1176
269
1015
872
195
333
1097
1680
965
667
1607
987
-281
-186
858
903
474
888
177
-296
105
631
493
-440
-221
451
22
-792
-699
260
172
209
1147
515
-344
201
485
-372
-641
324
549
-401
-54
602
659
444
431
967
970
1377
1555
1110
662
1342
1883
1518
1749
1306
891
1242
1116
1212
1038
736
1300
899
100
563
637
147
106
648
623
-140
460
568
126
24
481
928
15
-4
-68
102
469
-121
686
1057
-70
-361
82
865
660
-38
599
572
90
287
554
-957
-3029
-2333
-438
388
325
100
311
609
23
-826
-1023
-248
321
-807
-1658
-133
2019
2404
960
86
727
756
258
475
1025
1327
1082
913
1062
896
491
914
457
-395
236
558
24
-1107
-1035
-556
-677
-828
-1065
-518
-1030
-1335
-814
-1381
-1695
-2132
-1898
-1292
-1692
-1877
-1554
-1296
-1327
-2004
-2023
-1756
-1963
-1523
-1905
-1898
-1357
-1631
-2127
-2073
-1842
-2585
-2272
-1214
-1372
-1026
-707
-743
-842
-701
33
-19
-680
-1030
-469
-452
-521
-57
-176
-249
404
536
267
662
385
-220
-394
-659
-532
-143
459
830
1250
1166
133
507
209
-616
132
839
777
-142
370
1160
357
164
232
467
334
57
814
986
674
1024
1163
705
813
1507
1105
633
995
673
593
981
1216
538
-434
361
1288
1384
672
544
1611
916
-511
-476
-1434
-2595
-1346
506
1085
734
751
1149
1714
995
-234
241
1179
1160
805
1323
1642
1226
1097
550
-86
425
412
-71
170
827
978
-28
-394
365
572
-380
-1028
-502
-25
-416
-574
-686
-381
-367
-1684
-683
291
-606
-1052
-385
-457
-1189
-611
-729
-281
-186
-1122
-954
-891
-531
-599
-1170
-249
-68
-491
-1026
-441
367
-742
-841
-503
-339
-366
-853
-260
814
-24
-539
470
274
-751
409
1328
-146
333
1378
747
494
1072
1188
964
1108
1268
1464
1610
1506
1426
1501
1397
1840
1509
948
1591
1316
1327
1539
1414
1219
520
234
169
1154
994
328
1010
763
-51
241
812
-294
-357
397
489
131
-630
-884
-720
-810
-835
-203
-7
-267
-1121
-639
124
-1177
-1145
170
-154
-1279
-660
-181
-1261
-871
-607
-765
-325
-480
-1800
-2748
-1696
-1583
-1853
-1179
-672
-695
-1034
-1234
-1671
-1014
-6
-504
-927
120
524
-384
-182
213
-168
-422
143
-70
-590
141
667
159
-641
-131
-328
-902
144
104
-461
89
-464
-1103
-52
296
-1074
-1094
-452
-881
-706
-429
85
431
-168
-254
198
-23
-869
-586
223
-390
-358
255
-127
244
381
-202
-21
-183
-153
-219
-1042
-552
165
-705
-1275
-101
245
-545
-379
-71
-143
-52
-374
-601
-93
483
525
-189
197
737
-4
-417
-211
295
-53
-215
540
482
368
428
313
414
823
712
185
565
954
494
86
226
348
524
958
984
925
834
329
153
310
566
862
1184
1116
1130
1027
658
1060
965
354
1296
1752
524
669
1599
1271
790
1237
1259
1228
1606
1111
1081
1305
558
1208
1973
1126
804
500
-1639
-3170
-2561
-1211
735
1742
1469
516
-257
509
1345
588
-694
652
1511
-416
498
2433
1412
154
1030
2660
2000
682
1273
740
-246
-98
374
1134
348
178
474
-57
-464
-304
16
-968
-1492
-1803
-1832
-971
-953
-1058
-845
-605
-585
-1247
-740
-306
-1065
-983
-893
-487
-437
-918
-356
-276
-535
-631
-519
-267
-296
308
-671
-1604
-622
-792
-1620
-1754
-664
-1026
-2324
-1588
-912
-1342
-2140
-1557
-1023
-1917
-1951
-1818
-2251
-1377
-315
-1316
-1417
-228
-554
-1057
-672
-321
139
-159
-663
44
383
-115
-372
577
1259
524
-254
-120
-132
-800
-894
108
-514
-1736
-549
-519
-1280
-574
334
114
-90
144
57
80
464
230
344
1185
198
132
1195
977
747
911
1117
1235
862
869
1472
1342
1039
1236
1477
1415
1186
809
821
1077
-127
-1663
-1360
-388
-116
-57
-118
-1286
-1364
-291
-629
-627
245
648
589
665
1260
224
-538
1913
2434
576
258
1623
2848
2091
376
252
956
393
460
1034
378
294
799
262
-323
-205
-454
-1384
-1818
-1163
-1065
-1351
-941
-692
-1051
-2375
-2419
-917
-1101
-923
-164
-414
-180
-167
-817
-1426
-538
-5
-1107
-586
641
417
-843
-604
637
408
-560
-310
-167
-1110
-698
-252
-914
-778
-4
-459
-1348
-723
-125
-834
-958
-110
-119
-1040
-652
363
160
-436
185
911
-39
-109
408
-92
-67
387
481
680
870
485
640
987
924
837
438
-29
349
604
-333
-42
1578
936
-297
816
1412
60
-173
1010
871
-344
-382
748
1104
-28
-320
794
722
-248
-224
443
674
537
311
617
608
407
467
641
950
891
703
574
822
799
492
-707
-459
-1032
-2512
-1245
-809
-605
790
2638
1906
78
137
-207
-110
858
862
886
1417
1151
1433
1987
2450
2845
2032
1534
1717
1643
86
471
2368
434
-416
686
608
257
359
311
-490
-567
-1069
-551
340
-280
77
10
-593
-414
-343
-102
-22
-144
-151
-1109
-1206
-661
-279
622
-208
-663
-313
-900
-1148
-477
-275
-1222
-432
138
-1106
-975
84
-46
-478
-195
313
-249
-1758
-560
409
-1169
-885
30
-152
-647
-675
-400
-1031
-772
-847
-1010
-397
-1027
-1199
-832
-376
-675
-1199
-942
-1215
-1094
-1519
-1237
115
-220
-740
-733
-259
-170
-891
-426
-140
-625
-640
-143
505
211
79
340
338
440
638
256
313
767
548
-118
-345
72
126
-661
-1045
663
446
-839
184
828
177
-524
-53
889
552
440
955
1018
976
996
1067
139
-355
241
-199
-267
-108
-333
213
1214
1631
1094
488
358
804
929
445
464
1021
1484
1828
1704
1584
2170
1471
521
1180
1202
523
390
1098
687
-289
336
1157
895
446
830
749
284
322
432
44
-822
-559
259
-277
-289
346
-70
-638
-534
-48
-70
-707
-621
-549
-476
-663
-1097
-511
-938
-1114
-648
-835
-940
-1011
-905
-1092
-1370
-819
-1025
-2197
-1521
-384
-190
74
-252
-579
38
9
-972
-572
166
-739
-636
233
-579
-1138
-265
-94
-614
-189
5
-692
-467
110
-259
-629
-1100
-836
-321
-278
-441
-656
74
-461
-1085
-338
-188
-607
-1219
-900
-458
-1216
-1052
411
228
-1113
-340
503
-143
-355
39
-8
-488
123
371
-378
300
677
-311
-275
568
308
-676
-87
569
303
463
363
693
690
475
604
330
851
449
-766
-1201
-742
157
-32
184
-298
-1487
-124
1012
445
276
-356
-658
124
637
-167
-331
976
641
401
975
1235
1527
1719
1350
399
-167
79
944
531
90
491
218
-246
-461
65
870
286
-322
-413
-265
-308
-1095
-512
-501
-269
186
-112
-628
-972
360
335
-648
-870
-96
119
-1195
-471
121
-610
-423
-290
-98
-140
-423
-129
351
-137
158
884
0
0
1419
616
-645
347
1377
1207
1105
1734
1048
535
912
1169
1221
999
718
98
393
1065
561
-52
613
1412
812
604
983
249
-550
-204
-238
-181
1041
1344
-15
-238
944
-97
-1148
231
873
-438
-486
448
461
201
122
381
56
149
90
-303
431
736
373
-317
-387
329
54
-582
-292
89
334
-139
-638
29
361
250
170
966
344
-565
150
276
-33
-231
-280
-1936
-1741
-1124
-1343
545
-67
-1314
-1458
-636
-528
-1494
-636
-865
-1736
-1550
-370
-412
-453
1755
2219
-141
-1256
22
-166
-193
1192
911
-85
340
1088
216
-540
-1
340
-256
-1028
-521
576
132
-256
578
249
17
783
876
133
-632
170
1327
803
160
696
510
808
1260
514
290
129
-48
-52
378
161
129
-53
-640
-697
-903
-897
-995
-819
-978
-2071
-1762
-1458
-1069
-987
-1855
-1147
-1748
-1547
-1482
-2023
-1418
-1547
-1205
-1803
-1253
-344
-936
-325
-2
-323
-680
-330
62
-357
76
-329
-1746
-880
346
-210
-14
932
683
-1099
-818
-122
-868
-225
412
-52
-244
665
197
-122
875
1185
615
-175
1025
1664
393
566
1191
771
140
557
1547
1185
988
1349
1622
926
270
833
622
919
885
782
975
1182
1137
254
714
475
-390
-1287
-1850
-1459
-514
1569
1938
1032
857
1047
887
198
746
1040
996
1201
1454
2155
2965
3523
2806
1827
2027
2526
639
-64
1321
832
1470
2337
1302
711
1037
671
-325
399
1476
543
282
1250
730
103
263
534
-145
-430
97
-900
-1098
2
312
-627
-400
211
-772
-942
-34
-175
-1183
-1268
-1169
-1421
-1302
-1073
-1180
-916
-1345
-1187
-1306
-1541
-1427
-1828
-1642
-1958
-1029
-1453
-1825
-2059
-1913
-1690
-2287
-1009
-1327
-1459
-1453
-1357
-1020
-1486
-1150
-1223
-696
-755
-734
-252
-208
60
-690
-6
921
-42
-1159
-455
499
635
843
726
540
397
12
-131
654
418
432
745
450
688
355
473
555
127
101
454
881
96
324
887
323
-46
368
-150
-402
331
-330
338
334
56
85
-185
-62
-200
445
110
710
1079
282
928
263
-1231
-1323
-1382
-1594
-1000
371
-9
-455
-168
-764
-825
-1096
-310
-337
-529
710
1186
420
-482
-293
358
1578
1577
1415
723
468
1136
1160
1364
828
345
-214
-316
292
124
-311
-98
-104
-379
-344
100
35
126
50
-307
-425
-263
284
-275
128
538
550
222
7
735
1317
836
-233
-189
213
-174
-692
779
958
291
509
445
206
477
-73
-786
-70
-294
-289
-338
-186
-424
-745
30
-520
-188
-101
-650
-922
-1715
-1269
-1266
-324
-455
-1193
-594
-561
-977
-1225
-393
-336
-1190
-1339
-337
-247
-998
-688
-192
-2
59
-88
-807
-929
-902
-2225
-1764
-1220
-1629
-2214
-2573
-1610
-938
-888
-1038
-807
-1396
-1279
-980
-1324
87
538
439
420
794
902
192
1237
1258
1218
645
1043
1548
219
889
1046
913
595
1046
1495
766
1492
788
-279
-832
-910
-737
-25
1060
309
-535
-380
1183
265
-340
42
-29
781
1038
1816
1314
1000
752
603
1268
977
1321
1446
407
650
904
213
46
197
819
492
-387
5
903
648
-446
246
376
-13
119
801
835
476
1210
434
-3
757
1353
612
702
1712
656
250
709
1109
1015
43
549
271
486
1139
787
988
922
518
-478
419
731
254
587
61
648
612
1028
1019
-5
480
-157
-485
-749
-639
-859
-1383
145
313
-871
-543
676
-54
-1126
-817
-1133
-2011
-1223
-238
-305
-342
-157
-211
-406
394
423
167
291
792
811
-92
171
711
407
92
-79
444
857
586
805
490
678
344
85
468
1117
1476
470
1057
626
518
773
650
1187
696
558
310
1198
529
-555
655
93
-150
249
637
-236
-631
1006
44
-716
-673
-1048
-2519
-2380
-637
-746
-1054
-631
227
-587
-1039
-1173
-782
-483
-117
326
-1224
-1203
-332
354
611
-90
231
-157
-143
219
-404
-489
-365
-542
-748
-136
132
-724
-1619
-1240
-560
-590
-1332
-838
-242
-778
-1302
-1422
-608
184
-509
-1052
-496
-27
156
-687
-286
-101
31
-609
-646
382
-559
-362
274
705
-45
-244
72
-687
-76
-100
-170
-338
-219
-556
-1338
-527
-370
-1245
-1611
-37
-865
-2038
-903
-657
-1481
-1565
-419
-665
-951
-666
-395
-448
-488
-339
-836
-408
538
550
-728
-933
-363
-297
97
518
886
445
718
850
229
26
604
706
97
432
467
577
1036
1082
1030
714
875
646
831
1194
762
331
-168
763
665
493
558
227
170
-61
1109
575
269
647
-371
-295
-127
1059
372
-230
1042
451
77
125
1152
-130
-1322
-654
-1569
-2437
-1530
-55
-484
88
822
185
-786
-1114
-734
-743
-127
735
712
-416
250
1207
761
1399
2467
1728
-543
-485
842
820
780
666
567
546
212
-342
-610
-38
84
-183
38
491
426
110
351
678
295
49
-22
554
1362
520
464
607
483
-52
-184
-135
-126
-58
-605
-127
-785
-863
-340
-330
-539
-331
528
-635
-518
448
207
95
149
698
-116
-323
323
108
218
263
272
-419
-504
325
-28
-680
-147
57
-118
242
1196
1205
51
376
806
15
604
1513
699
519
867
975
621
1128
1680
791
714
1329
1588
656
387
1002
806
414
182
463
493
378
279
80
195
302
665
301
42
474
355
-327
-703
-603
-987
-1030
-866
-573
-393
-736
-718
-734
-941
-546
-393
-501
-90
75
-224
-496
219
298
-1088
-2050
-2616
-2538
-1436
252
935
330
-305
-920
-1791
-2626
-1930
-1222
-1233
-606
-129
-52
-413
410
1093
316
-257
-568
-805
-696
98
309
-196
-366
204
-82
-862
-345
-164
-687
-894
-959
-675
-357
-403
-714
-1276
-1404
-1518
-1810
-1798
-1281
-1092
-1378
-1594
-1585
-1613
-1894
-1644
-1139
-1364
-1313
-771
-1083
-1474
-1133
-538
-569
-480
-160
-637
-702
-213
41
26
-97
31
-35
-203
353
546
690
880
206
78
81
197
286
335
622
725
785
346
418
1152
899
743
1299
1398
1087
949
941
691
727
1299
1503
1392
1439
1454
1370
917
592
674
676
1065
1653
1469
1305
1311
1194
1012
1170
1493
1513
1622
1735
2136
2231
1908
2077
2399
2238
2117
2237
2535
2301
2228
2631
2304
2186
2074
1828
1832
1937
1912
1419
1669
1884
1270
730
763
720
-203
-694
-568
-1045
-998
189
835
737
574
780
547
266
-94
-696
-350
878
1598
1306
1225
1272
472
-530
-231
680
443
-974
-1508
-818
-1031
-1549
-1927
-1711
-1203
-2152
-2442
-1951
-2166
-2755
-2567
-2011
-2714
-3148
-2602
-1673
-1436
-2135
-2056
-1798
-1809
-2003
-2006
-1626
-1380
-1153
-1497
-2022
-2091
-2041
-2031
-1735
-1408
-1523
-1513
-1547
-1656
-1278
-1145
-1458
-1111
-977
-1504
-1476
-1136
-630
-420
-879
-586
-410
-615
-242
-243
-346
-220
-116
-22
-85
-56
202
-58
-314
33
264
-147
-413
-129
-92
-222
-332
-139
110
-109
-141
137
365
617
718
508
386
517
568
378
199
99
352
642
804
1094
1107
909
698
487
739
821
190
330
914
784
425
379
642
423
142
445
990
1156
853
1141
1136
729
945
1049
797
850
1709
1924
1421
1444
1226
1118
498
-1034
-1871
-1365
-124
708
1326
669
-55
677
801
-245
-892
-191
525
953
1812
2390
2041
1921
1332
346
622
612
971
1408
920
1042
772
-376
-589
42
15
66
444
323
24
-575
59
405
-843
-525
-28
-172
-394
-439
-248
-79
425
213
-289
-283
-132
-451
-1236
-1349
-340
-378
-812
-190
162
-308
-701
-182
-13
-188
121
60
-167
-155
-356
-679
-990
-901
-911
-762
-125
-210
-286
-571
-1021
-1070
-1123
-948
-622
-412
-532
-458
-96
-11
-105
-196
-153
-61
-374
-382
96
89
36
-90
-221
115
125
380
252
46
340
270
168
59
232
673
13
-777
-816
-418
72
-102
630
1032
23
-413
-39
73
-610
-171
664
-58
-721
-54
309
-212
-224
230
83
-481
-65
156
78
131
-145
-107
-197
-253
-163
-76
-6
-91
-90
-797
-1245
-1668
-1830
-1395
-1096
88
601
458
473
79
-246
-277
-582
-375
606
1081
1053
2125
2718
1223
42
-514
-487
598
950
757
1382
1218
349
-157
-111
-489
-776
-675
-811
70
498
-400
-430
130
-391
-1295
-1565
-1058
-861
-907
-1519
-1705
-1140
-1332
-1984
-2350
-1441
-1089
-1760
-1802
-1212
-1128
-1236
-693
-592
-883
-989
-659
-719
-489
308
405
18
3
786
822
642
461
419
467
7
376
543
528
1055
1019
706
872
1396
1280
560
1168
1765
1499
1123
1067
1705
1653
1637
1624
1180
1098
984
652
766
1037
1146
864
886
1212
519
510
1238
935
350
453
1102
886
630
1470
369
-987
-598
300
903
773
883
679
544
180
206
983
831
642
912
1207
1300
1417
1426
1188
1161
968
972
1081
925
1042
1311
1180
995
938
648
401
-201
-407
-611
-1590
-1164
-321
-374
-283
514
753
-20
-226
-1040
-1250
-583
-242
7
160
801
1125
249
-628
-371
-338
-207
122
356
-176
-824
-465
-1141
-1311
-561
-783
-958
-950
-1123
-1041
-1164
-1486
-1591
-1290
-1042
-1116
-1013
-1315
-1359
-1365
-1394
-1121
-1080
-1015
-1357
-1195
-909
-1190
-1349
-1201
-291
-373
-1196
-1112
-638
-866
-1015
-270
92
-308
-565
-276
-940
-1392
-1155
-735
-487
-1055
-443
-57
-880
-905
-668
-656
-790
-613
-763
-1171
-738
-533
-450
-393
-240
-51
-656
-763
6
-492
-1213
-1032
-1088
-1208
-875
-198
-55
-163
614
605
89
13
234
658
153
388
663
348
535
188
462
819
487
122
-300
-326
-979
-835
-94
23
450
311
172
-357
-701
-421
-743
-831
-262
389
405
658
824
692
813
921
729
621
871
957
1543
1594
1464
1166
471
129
-607
141
914
1080
1554
1314
832
1029
1746
1046
741
1719
1412
259
716
1394
1820
2096
2441
2856
1938
1708
1306
735
743
1638
2290
1024
1070
1809
522
-355
229
754
196
-53
827
552
-195
-147
-89
-230
-552
-527
-356
-824
-363
106
-216
-237
-80
320
-196
-462
-121
-427
-805
-504
-79
-683
-631
60
-21
-278
80
233
-75
-224
-366
-284
-637
-97
177
-619
-878
-1081
-893
-738
-676
-576
-918
-890
-919
-863
-668
-1109
-865
-1205
-1369
-953
-1251
-1105
-738
-1022
-1843
-1710
-1383
-1855
-1876
-1354
-1165
-712
-1090
-1023
-207
-559
-643
-407
-1
-501
-869
-278
-254
-252
80
667
938
12
-249
113
-429
-374
231
546
130
148
676
75
-90
355
359
662
278
346
879
741
1204
1199
841
449
1207
1629
841
1092
1163
1315
1062
611
259
-370
-585
-282
239
5
-142
608
1014
325
968
603
-824
177
181
-980
-1019
229
1262
911
1119
1373
982
151
173
673
147
277
803
978
712
385
19
367
642
-391
-583
-67
-224
-371
686
672
362
626
327
426
196
384
126
233
720
-175
-227
513
67
-218
596
460
-12
62
-51
-553
-557
-589
-722
-878
-614
-405
-1404
-1325
-644
-1033
-1008
-93
-213
-549
27
89
-932
-645
335
-299
-145
720
691
498
955
1071
194
-34
340
242
427
689
911
1130
725
437
-71
492
592
-171
-63
-333
-695
-648
-260
-90
106
367
651
-174
-659
388
445
-144
148
943
396
-427
-134
-472
-1069
-631
441
318
47
456
115
-281
-283
-598
-935
-609
-490
-3
-35
-134
364
152
-469
-636
-395
-336
-106
-204
-321
-206
12
-646
-1884
-2650
-3103
-1954
-544
-397
265
134
-966
-1026
-870
-1965
-1417
446
-205
-852
6
1206
1314
874
355
-440
-672
-595
-371
-110
405
347
-47
-400
-367
389
343
-291
121
248
-488
-268
-286
-432
8
-443
-391
360
-137
-87
851
505
-160
391
10
-841
-4
258
19
631
512
139
81
-265
-284
-412
-376
-338
-603
-417
-530
-193
190
-271
90
83
-455
-295
-196
-218
-388
45
572
125
215
395
263
-293
-642
-75
10
192
375
455
412
-77
-256
-596
-610
-140
-217
54
723
593
154
241
435
171
604
947
-193
-244
-344
-817
-187
329
427
560
991
498
-156
205
-63
-613
-12
-106
16
636
453
334
594
689
348
995
1246
1246
1545
1234
990
1171
1290
905
1059
1819
1988
1288
1640
1453
603
1496
1587
813
992
1181
372
-1138
-1777
-806
935
1737
1752
1323
865
962
565
-65
-674
83
1685
1022
-471
1007
2340
1052
-260
341
1755
451
-543
842
1397
-24
-375
568
-30
-335
573
183
-377
-541
-101
-523
-1250
205
-483
-1173
-491
-307
-1053
-1026
-443
-1137
-894
-304
-61
-1106
-524
-149
-1665
-670
-520
-1600
-1727
-1052
-1615
-2154
-1072
-1636
-1819
-1578
-1688
-1758
-1648
-1277
-1425
-1342
-1001
-1437
-1592
-1028
-1230
-1411
-901
175
-361
-479
175
-397
-221
-312
-555
-580
-627
183
-27
-213
734
-1
-408
288
-101
-340
31
-434
-898
656
1178
115
700
752
9
-349
-883
-559
-128
-52
-197
-92
-43
-579
-231
152
-319
-425
253
315
-32
156
368
-266
-502
116
-144
-90
573
338
453
716
573
396
789
982
116
1230
1006
351
1190
1181
767
227
1331
436
-647
-1116
-2332
-1078
-288
344
526
966
748
-636
-604
-389
-95
-240
446
776
173
408
1434
840
331
1655
1543
-344
-271
1328
-188
-1079
434
756
535
693
281
3
-12
252
525
-41
776
1785
1497
772
216
1007
1309
563
343
1001
1139
1441
1275
373
856
947
124
190
820
284
147
65
504
222
232
666
281
509
227
52
-698
-54
-86
-622
-97
-64
31
-366
157
21
-522
201
-95
-553
-572
253
-44
-759
385
449
-853
-633
897
-244
-1044
-164
-119
-1027
-715
-52
-1141
-988
-249
-284
-769
-289
-9
-682
60
380
-309
-223
-31
61
-198
56
-52
-847
-211
121
-188
-76
99
103
-263
-618
-748
-533
-488
-1260
-1107
-44
-822
-1600
-774
-555
-1105
-249
-300
-1167
151
-26
-1228
-982
-49
-86
-434
383
367
234
-535
-706
-757
-1875
-2376
-2352
-1265
-180
227
-453
-108
151
-870
-1138
-1017
-1690
-1151
630
-21
-470
461
850
148
-376
158
441
152
-221
127
362
-225
-520
-720
-989
-671
99
-434
-986
864
355
-1469
189
597
-69
266
1177
1206
151
495
397
668
661
324
1155
1172
908
1325
644
155
606
495
-116
871
1772
413
713
1174
1166
56
-90
581
-332
268
-518
-569
214
-202
-594
-194
988
394
673
955
511
280
-52
112
141
680
1335
1672
704
1074
1751
153
141
1211
627
-93
820
1113
474
768
721
-250
275
1141
274
457
1214
891
768
1108
603
92
1264
755
-427
440
881
-276
-396
807
1127
-371
-367
729
-295
-1339
-628
574
-577
-193
-205
-725
35
-436
-427
-555
95
-363
-341
-163
-461
494
-281
-975
165
1091
-768
-853
402
-269
-1107
-1026
-907
-2297
-1589
-29
811
473
-166
-58
-272
422
-202
-480
716
433
-248
338
1219
442
529
712
-611
0
96
-1329
-889
30
-271
-1061
-1352
-894
-1517
-2451
-1412
-920
-1877
-1367
-456
-1242
-2151
-1814
-1494
-1762
-1587
-747
-1500
-1797
-491
-924
-2002
-1676
-648
-2362
-2293
-876
-2054
-1651
-1147
-1072
-1762
-887
-222
-1622
-403
182
-148
-1053
-316
509
-720
-16
1015
788
-352
531
1266
348
462
1263
954
100
855
1569
1499
837
1914
2582
1281
542
1138
1672
73
694
2177
1279
786
1713
1220
221
754
904
560
262
836
1087
611
914
1072
707
634
236
607
584
327
966
562
422
121
147
-292
-383
185
-379
244
-322
-26
475
-379
255
391
844
-402
-485
565
-284
536
1003
1604
1937
1730
1470
1858
1879
854
1311
1674
1362
808
1637
1264
456
217
-498
-472
-549
60
121
523
696
-227
-91
10
-235
-92
-597
-239
206
-431
-452
-479
381
765
-315
-1113
-667
-320
-1682
-1207
278
-261
-1102
-1095
-475
-1422
-1399
-954
-1637
-435
225
-196
-497
483
288
-683
410
399
428
841
703
279
374
1032
6
510
1183
680
53
360
1197
-301
-311
729
442
-509
453
1153
-543
-378
363
-85
-941
-483
-343
-747
-215
-368
-452
-427
-392
-737
-936
-975
-977
-190
-760
-1423
-992
-972
-685
-842
-1021
-276
-575
-1349
-890
-508
-1129
-775
301
5
-274
-201
-575
-241
-561
-484
-200
113
338
133
1179
390
362
325
128
1000
331
893
1002
892
1162
1173
1055
696
1108
1033
450
-100
570
1058
312
237
719
414
-517
-23
409
126
-88
302
1372
794
-91
1190
1266
136
491
929
719
-233
-158
140
-205
529
861
586
436
44
465
772
76
-503
145
568
-201
-319
552
887
-191
-663
-455
-623
-146
-531
-398
271
2
551
122
-286
264
-8
-1237
-789
3
-473
-578
-37
732
-173
-352
-358
-562
-1171
-1133
398
-967
-1346
-163
-357
-1214
-1011
187
-715
-1145
-322
-338
-999
-1014
-458
-780
-1290
-609
-243
-862
-708
-1015
-1417
-1191
-1131
-1126
-1292
-1178
-1492
-1400
-911
-1768
-1593
-928
-976
-1205
-1456
-546
-912
-2056
-1200
-657
-930
-1058
-458
157
-282
-607
-154
125
-394
-582
-28
398
-52
557
348
336
757
132
243
37
952
908
1102
1580
1029
1522
344
-96
566
893
441
-178
1710
1445
26
-15
647
578
-792
-171
670
344
-221
-134
340
168
-168
-98
163
58
-320
-440
-430
-567
-31
38
-213
967
895
-87
126
639
95
-853
-780
-851
-1516
-1090
813
1615
946
850
1027
440
340
-35
-238
355
549
531
525
1307
2213
1616
469
1235
1570
-113
-142
729
691
-450
-691
179
-169
-318
44
-327
-859
-541
-479
-319
111
-226
-730
-400
-121
-95
-24
350
688
-271
-485
119
280
-6
27
550
-79
-278
-151
-407
-163
-92
232
267
-66
-14
-104
-526
-403
42
61
280
188
103
451
966
1028
836
1438
951
227
769
952
329
441
1635
1810
671
588
977
572
657
666
667
852
500
-64
-232
101
294
286
633
939
1237
1021
387
634
688
-348
-1088
236
605
165
247
233
950
510
-270
-156
368
635
-194
-299
641
290
-37
3
-8
331
-112
101
181
-157
234
54
104
483
607
5
-143
110
-298
-54
258
602
751
463
720
1109
1062
973
701
394
-164
-897
-1237
-892
5
129
140
483
200
-353
-423
66
97
-142
-26
-516
-607
-41
149
-334
-435
26
-153
-905
-681
326
54
-498
-341
-876
-1634
-919
-621
-1057
-826
-254
-467
-961
-750
-298
-554
-1027
-496
-339
-787
-893
-489
-64
-283
-143
309
-468
-1048
141
727
-134
-259
524
303
-762
-199
512
-194
-255
503
171
-305
170
-2
-131
141
-26
-399
-950
-728
-469
-769
-998
-785
-672
-1248
-1165
-1230
-1491
-1282
-1097
-963
-1091
-794
-810
-1463
-1448
-1309
-1687
-1488
-965
-949
-713
-413
-523
-867
-902
-584
-495
-483
-398
-568
-520
-541
-631
-122
164
-6
-48
224
-101
-598
-21
176
37
638
999
836
319
2
402
597
302
598
1167
985
515
1118
1520
840
984
1186
814
923
1045
820
954
930
490
336
579
994
947
995
1291
834
618
514
-67
-2
291
223
32
296
671
598
1028
737
12
129
71
176
109
250
596
634
486
118
505
866
288
186
192
-178
141
259
185
560
591
55
-692
-1045
-423
237
-98
-378
407
886
210
103
559
403
80
-43
-166
-205
76
334
341
40
1
437
155
-578
-734
-311
-313
-694
-643
-492
-337
4
-248
-446
-78
-552
-896
-268
-112
-593
-327
87
-431
-138
301
-323
-331
-72
-25
-472
-863
-368
-119
-358
-794
-572
-388
-961
-735
268
-37
-645
-185
-400
-1113
-985
-324
-150
140
377
211
270
-163
-424
103
96
-284
-66
290
-101
-185
483
418
4
137
75
-351
-257
239
204
-216
28
214
-219
-292
17
87
-308
-470
65
-60
-810
-284
253
-319
-611
-217
-426
-872
-587
-504
-573
-311
-155
-320
-442
-474
-767
-928
-1044
-1257
-1093
-1215
-1010
-512
-80
156
-368
-499
-158
158
-146
30
409
176
628
829
978
1621
1380
1186
1276
980
1360
1840
1500
1116
1346
1528
748
156
758
621
250
591
1000
896
334
515
527
270
-114
-453
-167
150
246
404
462
540
735
545
199
170
125
3
116
-20
173
401
355
485
349
330
680
743
128
16
266
25
-235
97
535
383
411
524
382
93
-34
37
303
377
122
280
121
-362
-399
-265
-37
280
75
-162
-76
-53
-229
-408
-88
83
-161
-427
-888
-1246
-951
-389
-109
-41
52
229
-117
-478
-151
76
-172
-120
-31
-337
-85
164
69
-5
-196
-319
-733
-874
-609
-635
-570
-546
-637
-626
-570
-931
-929
-525
-580
-392
-352
-530
-457
-60
-115
-173
468
385
-92
262
459
124
75
341
414
-220
-647
-715
-459
209
713
1028
649
736
1194
638
398
780
1222
1417
1057
815
875
1153
965
912
1492
1422
1051
879
1254
1509
933
-56
-208
694
511
-374
-144
441
171
-401
-331
71
-241
-828
-568
-382
-448
-212
-302
-806
-1006
-541
-600
-1090
-1000
-841
-986
-1056
-485
-64
-330
-557
-462
-313
-610
-677
-406
33
173
-137
244
628
278
-172
-337
-451
-481
-383
-155
-37
-135
-136
-279
-251
-388
-654
-395
-484
-834
-917
-689
-513
-659
-614
-196
158
39
-233
-120
-55
-421
-414
-215
-145
-64
11
126
311
451
323
164
-113
-418
-282
-183
-417
-71
63
-29
46
48
275
26
-26
68
-274
-346
-239
-246
-178
242
268
94
444
336
-192
-161
-222
-370
-271
-211
35
117
68
352
201
-144
-89
-61
16
-332
-128
-12
-476
-299
-255
-493
-692
-929
-1224
-1101
-747
-738
-238
-160
-642
-513
-713
-253
-36
-472
97
-13
21
447
461
526
216
367
452
313
412
494
670
263
144
362
-130
-429
-89
406
-124
-545
278
559
-29
-159
333
169
-221
225
417
228
538
404
414
585
515
688
273
268
671
376
265
525
458
145
65
241
98
16
207
192
76
53
336
223
158
797
742
306
411
491
629
565
662
956
1035
992
892
1137
897
714
716
562
901
678
350
471
287
312
616
997
1072
835
1048
868
336
481
653
970
936
1141
1586
1042
862
733
958
894
310
1043
912
306
408
199
233
-227
-285
129
69
-50
-257
46
-80
-800
-719
-635
-922
-928
-945
-744
-1145
-1517
-1425
-1463
-1302
-1488
-1366
-1140
-1349
-1666
-1612
-1494
-1484
-1544
-2054
-1819
-1771
-2660
-2567
-1771
-1644
-1823
-1208
-625
-1034
-1219
-1111
-1520
-1519
-1001
-828
-819
-347
-447
-664
29
445
537
728
740
546
416
74
-178
371
962
671
795
1003
672
240
116
661
240
87
620
528
406
79
172
184
-183
-266
-526
-332
-192
-182
-296
-379
-16
-244
-691
-650
-200
-218
-788
-475
-37
-157
144
256
389
317
-9
278
63
-169
84
389
596
408
852
755
143
347
517
489
369
413
692
459
236
538
661
682
1004
912
633
778
557
526
363
269
368
50
75
-218
-182
53
65
7
-147
60
-335
-761
52
95
-233
233
352
177
-426
-38
217
-465
-77
604
796
433
495
938
625
393
437
621
606
224
443
273
-148
-80
75
-39
-339
187
613
375
286
828
1007
394
650
1131
647
406
998
1431
564
280
1075
429
-23
382
306
-115
-186
431
574
739
1020
1396
1237
863
1001
490
524
1110
1137
617
702
1457
1085
587
996
992
561
149
1
-140
-180
-5
-506
-336
-324
-712
-512
-575
-513
-903
-620
94
-539
-1104
-571
-119
-758
-1347
-868
-1239
-1461
-1250
-1335
-991
-1079
-1026
-999
-998
-1137
-1390
-1658
-1575
-1401
-1559
-1174
-802
-815
-327
-416
-1126
-976
-919
-1212
-1363
-776
-415
-834
-729
-237
-427
-894
-527
-339
-610
-500
-242
-134
-398
-321
-14
-202
-286
-73
-149
-486
-268
-19
-738
-758
-342
-737
-244
453
328
-118
105
767
266
-63
206
-28
-241
-487
-187
-441
-967
-707
-330
-239
-652
-402
-465
-783
-315
140
183
259
326
339
253
281
384
291
105
-33
501
482
400
789
470
349
248
45
311
68
71
265
175
180
269
544
-627
-1122
-700
-917
-607
-53
652
440
394
906
1124
741
334
808
749
-187
136
973
616
579
940
1041
208
342
715
-31
75
843
1368
647
445
572
-255
-28
427
297
254
548
1191
662
387
934
760
566
271
344
650
546
364
892
1361
713
614
794
648
431
581
849
779
661
651
659
515
613
804
839
831
909
116
-110
376
40
-199
-60
25
-444
32
-314
-865
39
15
-376
-100
-246
-728
-389
-380
-844
-752
-240
-788
-978
-482
-671
-646
-741
-419
-409
-910
-904
-599
-1627
-2071
-1044
-707
-1148
-1124
-382
-1440
-666
-21
-730
-275
-111
-201
-620
-306
-755
-130
371
-644
-392
-304
-474
-469
-254
-229
-11
-66
-388
-17
-100
-416
-232
382
-271
-345
173
-193
-598
-478
-20
-120
-47
-93
412
423
80
10
60
-24
-277
-554
-1004
-1217
-1114
-937
-684
-424
-836
-246
396
157
-67
164
334
431
986
1615
1150
1203
1810
1573
1396
1723
2442
1631
1610
2186
1868
1387
1491
1501
1075
1192
823
808
929
767
448
851
686
110
401
450
117
-345
771
402
-399
609
681
-271
113
826
-658
-773
-153
-490
-1196
-574
-332
-1499
-913
-1130
-1293
-1138
-1361
-1416
-1452
-647
-929
-331
-18
-552
-504
-709
-133
-791
-384
782
-92
-31
839
424
203
940
1292
672
279
889
372
-148
635
1024
470
275
758
662
534
693
627
417
242
590
618
582
1124
1094
936
1243
1238
888
879
536
381
406
-60
-92
241
-79
-413
-89
-564
-1037
-857
-558
-795
-960
-512
-309
-811
-570
-430
-1345
-903
-601
-1024
-695
-271
-1014
-429
-421
-1064
-361
-668
-921
-1074
-589
-1334
-1206
-614
-1806
-1709
-1907
-1766
-1835
-1746
-1240
-888
-819
-1370
316
41
-1331
-199
459
-1008
-1682
295
664
-169
289
1019
621
1
388
1310
612
-220
821
520
-101
677
742
-756
-370
1007
-201
-1111
52
291
-727
-347
383
353
-215
119
472
-373
205
987
189
-41
897
692
-144
248
258
151
398
-226
-124
196
142
162
95
73
104
130
-252
-58
-155
-690
-720
125
392
-586
-139
-71
-449
-200
-263
-86
-273
-176
58
189
405
-75
126
587
544
240
581
754
-118
23
331
543
-145
-395
294
-626
-1067
-431
-293
-1228
-1130
-367
-857
-707
148
192
-412
-241
15
237
247
386
464
96
477
701
1073
-132
794
1351
-13
513
731
610
-450
462
936
77
187
604
151
-181
443
159
211
-123
638
612
88
899
495
687
209
746
1011
-102
475
1089
411
-951
131
331
-1202
-546
983
281
-826
511
759
-363
-19
1068
709
-62
989
1228
595
890
1374
1169
536
1292
1320
788
1089
1523
1131
805
954
854
-151
-54
717
114
46
292
1063
78
-176
-67
-50
-110
-911
798
-162
-921
563
15
-994
-1077
56
-200
-825
-390
-688
-512
-729
-734
-276
-1221
-379
69
-1295
-648
316
-169
-1220
-270
754
-1458
-904
571
-897
-1101
-448
3
-697
-359
33
-947
-366
-760
-1314
-743
-468
-562
-1158
-332
-267
-760
-672
-979
-257
-729
-270
481
-154
-147
-499
-491
-1237
-825
-333
-1154
-173
-216
-310
-444
-825
-93
-734
-736
180
154
-742
2
938
-622
-456
381
201
-510
-637
128
-490
-328
-397
-406
901
621
-391
488
1230
325
-285
292
1020
-531
-442
756
-244
-967
-615
744
-394
-1340
-529
-578
-883
-1339
-744
-898
-1383
-1417
-1430
-685
-565
-898
91
981
-153
-189
1423
1078
88
940
1032
598
1675
1576
467
368
1804
1636
88
2010
2644
1153
1094
1287
1201
880
1534
1459
1142
1439
1058
1473
1100
690
1011
711
667
594
914
595
364
1020
383
659
1125
600
786
695
-297
-447
337
155
-725
52
1191
-112
-201
419
52
-676
-462
777
-229
-293
764
597
-276
-127
454
194
142
449
549
193
268
55
-62
13
155
92
-197
391
490
-244
-223
-48
253
-35
35
780
438
245
306
102
-97
92
-429
-603
-279
-12
-204
-458
-305
-1327
-484
-16
-591
-250
-130
-143
-804
-503
-173
-810
-1085
-241
-872
-1612
-1105
-1183
-1261
-1766
-1330
-894
-1558
-1743
-1394
-1019
-1411
-1104
-592
-852
-105
26
-122
-118
-897
-541
115
-480
-1311
-90
740
-1300
-1395
-407
-1338
-2257
-1644
-1025
-1218
-872
-746
-97
-1
-631
-746
-435
258
-405
-704
166
288
-533
52
205
406
1749
413
582
1651
1174
1015
1221
566
-321
1349
399
-896
1110
927
-872
-1028
447
-684
-982
208
80
-537
-866
92
-720
-618
298
393
-118
257
972
269
125
480
854
334
213
426
346
76
-263
-164
181
461
296
165
247
341
106
51
-213
-102
783
381
6
620
1157
683
480
1183
796
594
382
388
501
365
739
219
478
533
192
-45
96
882
693
159
130
1032
235
-452
591
78
-293
442
934
136
-496
460
-279
-838
-748
-25
-107
-606
600
344
-264
-398
416
61
-614
-3
370
-80
89
647
84
436
713
140
2
569
145
-141
764
513
765
759
282
1133
985
373
757
1567
911
157
405
868
385
-266
-83
-338
-1097
-715
162
450
864
-208
-341
470
527
-902
-356
710
-745
208
-169
-1199
-223
25
-1056
-988
849
236
-772
-154
731
-451
-1278
-204
-528
-961
-841
-629
-1215
-664
-305
-890
-825
-504
-628
-1454
-299
-426
-1895
-1071
-185
-1009
-1552
-12
289
-713
-704
-381
-49
-306
-136
-83
-473
-254
442
501
578
538
-3
443
484
-190
-358
336
255
-26
-30
-248
139
-82
-1048
-733
-353
-842
-746
-637
-478
-366
-738
-1960
-1063
-634
-2245
-1791
-750
-325
-1351
-1066
-587
-623
-258
-1343
-612
-745
-603
-558
-1220
-266
-609
-337
51
612
181
-150
54
70
54
-108
-69
-94
419
283
1029
1458
1655
1344
1210
1440
916
887
444
1297
1655
749
981
1274
882
639
849
695
1046
1535
1159
793
1180
1168
578
269
985
713
393
360
407
965
-52
317
244
-295
-432
59
-198
-617
717
-310
13
687
429
-111
-58
874
-257
865
1409
744
1512
1779
804
-42
1492
1872
854
661
2331
2133
235
1282
2278
1397
604
2012
1821
439
933
1320
821
593
1181
679
695
1031
486
532
685
583
307
587
933
152
-126
595
241
-305
-139
145
-183
-60
151
-887
-1157
-497
-134
-936
-1230
-299
-813
-1128
-507
-826
-1389
-1252
-537
-1356
-1388
-1260
-1541
-748
-1226
-1468
-950
-919
-1155
-710
-447
-1195
-970
-716
-1266
-1138
-770
-1108
-895
-248
-310
-326
-579
-329
-425
-763
-657
-571
-236
-488
-532
-792
-1010
-764
-1052
-716
-650
-650
-1002
-1370
-460
-1107
-1708
-655
-245
-929
-1007
-172
-315
-1398
-1032
-200
-555
-1191
-586
-362
-570
-335
-435
4
-286
-479
-301
-75
317
-157
-178
245
-234
-402
-22
21
245
306
-266
-879
-651
79
-289
174
858
661
319
371
839
290
243
680
954
621
147
944
1580
1044
755
1136
707
372
804
467
389
1368
1076
-46
636
1104
383
105
860
814
-434
-34
742
121
236
662
436
222
-166
337
80
-514
-105
-46
-340
-535
-326
67
184
-117
-144
-387
-409
-386
-877
-483
200
-27
-419
-245
200
-249
-813
-618
-358
-183
-734
-649
-240
-341
-367
-837
-506
505
117
-565
380
527
-217
-415
-4
434
-507
-388
876
369
-426
-144
70
-653
-1107
-213
85
70
-262
100
813
-418
-898
147
74
-932
-450
822
324
-884
-676
255
-52
-833
-144
544
654
210
-12
664
337
-21
-119
45
1045
825
649
1497
2398
1926
899
1051
1472
1477
828
944
1626
1554
1104
1582
1959
1501
859
828
1342
808
438
670
641
38
-875
-764
-694
-1006
-935
-1260
-1439
-1168
-1123
-651
-499
-447
141
-256
-654
-616
-944
-1125
-487
448
-150
-656
-232
-190
-507
-1148
-351
42
-845
-1561
-1758
-751
-1199
-1591
-819
-486
-648
-1499
-784
1
-114
187
0
-536
-547
463
432
-158
789
1149
140
66
1415
959
-55
675
931
475
87
737
1169
425
621
627
232
680
574
203
456
884
323
-201
241
381
3
-216
275
169
39
305
730
502
-10
458
106
-252
145
-123
-187
-119
-226
-113
-362
-69
-115
-103
-2
-220
56
-370
157
730
-86
416
1208
625
-47
375
771
312
382
525
49
17
266
168
307
681
1016
831
477
996
1099
797
999
642
227
227
141
-40
120
78
25
454
416
87
-440
-424
-218
-106
-248
-569
108
-161
-639
60
445
128
-154
314
-15
-803
-1421
-1460
-1219
-1567
-1177
-854
-404
-214
-111
116
-626
-874
-215
131
-83
-47
603
763
539
358
548
641
-225
265
797
551
552
113
604
661
-333
-180
151
-205
-962
-530
-31
-160
151
-436
-541
-55
-450
-1126
-990
-80
-412
-1205
-469
222
120
-694
-834
-282
-624
-992
-1072
-464
-317
-740
-737
-493
-360
-933
-1110
-345
-254
-726
-537
-457
-310
-1131
-1281
-226
-557
-1006
-790
-220
-297
-671
-199
-285
-607
-407
-524
-333
-339
-259
11
-637
-214
232
-511
-510
25
51
-658
-584
264
379
340
7
151
652
225
193
283
474
387
-33
458
592
-111
-343
167
322
154
-275
35
46
-588
-38
285
-147
34
465
147
-188
-131
176
-136
-288
-175
-398
-259
233
695
640
896
1217
976
850
709
681
894
1101
1062
912
766
162
322
458
29
233
136
423
571
618
1298
1119
710
537
662
637
399
873
1432
1412
1119
1310
1911
1275
801
1331
1690
1862
1093
1218
1734
714
189
871
1376
828
323
511
136
231
570
276
489
391
-498
-981
-429
-8
-812
-1124
-353
-168
-865
-1021
-890
-737
-729
-1363
-1450
-626
-306
-917
-1065
-893
-848
-1382
-1608
-1018
-1016
-1487
-1393
-934
-1544
-2098
-1310
-846
-1717
-1819
-836
-770
-1319
-1538
-876
-548
-1221
-963
23
65
-454
-68
647
-7
-195
124
-435
-446
42
482
485
781
847
338
236
259
919
813
647
980
700
549
415
575
714
665
687
476
414
344
118
418
655
619
433
564
671
146
75
514
313
-421
-2
442
-253
-768
-542
-272
-527
-509
-327
-422
-562
-702
-574
-781
-867
-645
-944
-761
-496
-561
74
243
-731
-1571
-2031
-1731
-772
-314
-310
24
402
-162
-831
-1075
-745
-264
-399
-508
-233
272
181
293
829
393
64
197
297
631
1133
1337
1259
833
239
603
1286
948
474
861
892
100
-78
264
-3
-53
-58
-145
-95
-281
-91
201
151
-86
225
540
294
529
541
357
333
356
598
632
643
819
1084
923
725
917
842
393
260
810
552
89
697
670
433
728
949
477
-63
180
414
279
-13
188
591
398
-21
35
63
-150
-158
24
169
-56
-346
-453
-545
-746
-612
-210
-299
-558
-796
-1040
-1254
-1258
-983
-999
-791
-946
-1260
-1099
-1160
-1258
-1266
-1120
-1205
-1170
-760
-718
-896
-852
-581
-756
-808
-534
-274
15
-358
-463
99
-5
-327
41
459
389
325
459
336
145
482
1064
961
924
1441
1417
974
728
1006
1047
221
-88
-148
93
1276
2482
2907
2075
1129
1038
407
238
994
1140
1254
1462
2027
2242
1445
769
586
598
71
-136
559
721
493
184
-108
20
200
220
-183
-267
86
103
-119
-500
-167
247
-39
-138
220
158
-270
-439
-400
-521
-264
-18
-175
103
40
-543
-696
-688
-983
-1009
-1006
-1153
-1162
-939
-1326
-1624
-1083
-1287
-1898
-1701
-1114
-1498
-1999
-1515
-1079
-1686
-1606
-499
-683
-1492
-1193
-707
-1122
-1279
-579
-62
-444
-653
-337
-330
-133
48
-80
-49
-28
-138
-143
-21
63
100
-117
-100
199
28
39
39
-126
-33
-215
92
527
252
81
259
310
278
68
55
78
173
613
780
959
970
947
918
737
905
1051
715
643
1351
1554
1101
1230
1484
1302
1140
960
601
491
858
1123
1003
1199
1287
1013
791
956
963
91
-167
-133
-602
-987
-853
-712
-1150
-1035
-389
-316
-289
97
-63
-506
-707
-425
-38
69
344
329
283
362
159
183
-107
-43
539
189
67
728
306
-174
-214
-694
-796
-456
-170
-605
-455
-105
-576
-667
-95
-364
-745
-219
-206
-809
-736
53
190
-260
-97
191
-186
-255
143
186
-121
433
695
-77
-531
118
216
-493
-489
-83
255
-193
-71
-15
-254
29
-178
-355
-358
-49
180
38
384
643
670
470
450
762
459
93
536
761
260
313
662
648
421
512
445
-36
113
230
-45
-179
152
68
-498
-522
-448
-666
-849
-662
-744
-976
-982
-1041
-1361
-1347
-1070
-1418
-1439
-941
-1051
-1260
-980
-1001
-1370
-1603
-1481
-1434
-1645
-1631
-1368
-1569
-1405
-929
-1291
-1687
-1296
-1027
-1283
-1171
-466
-417
-906
-670
-381
-421
-418
-59
-137
-698
-743
-656
-598
-476
142
773
497
682
1131
1361
1194
1024
1243
1370
1248
1374
1648
1789
1992
1726
2170
2189
1840
2304
2286
1604
1509
1997
1518
790
1251
1562
1003
926
1512
1211
310
605
919
478
287
865
988
336
99
551
441
-25
167
152
159
463
625
469
471
590
411
399
635
638
540
523
439
549
446
203
355
407
251
220
468
379
16
3
-277
-488
-510
-510
-429
-423
-752
-650
-350
-552
-447
-467
-342
-512
-996
-922
-1005
-1077
-566
-141
-231
-105
308
107
-121
152
-26
-94
285
245
-219
-145
565
611
48
-344
-540
-380
-175
-255
-298
-556
-811
-898
-1212
-1295
-881
-781
-1093
-989
-689
-697
-721
-582
-661
-568
-291
-258
-298
-102
213
281
236
107
310
273
271
707
938
1047
893
966
1118
580
456
672
190
-128
-432
-852
-1021
-600
-94
-297
-191
101
-65
-389
-625
-574
-706
-1117
-718
-187
-272
-68
401
503
312
634
401
-155
27
13
-269
-509
-88
315
245
520
874
164
148
632
22
-236
183
594
-54
130
963
400
-351
-85
143
-413
-402
52
-148
-647
-730
-247
-63
-603
-182
-75
-496
-239
-127
209
-84
128
651
179
454
704
478
488
175
-100
-8
456
595
613
911
724
648
403
-220
-116
382
228
49
483
490
-125
12
112
-102
-146
-53
-284
-192
330
-242
-198
-170
-267
-560
-579
-282
-610
-202
-335
-70
256
-502
-351
-249
-527
-864
-161
270
-220
-196
-577
-520
-772
-683
-126
-168
-603
-259
-94
-868
-469
110
-42
-368
80
443
18
42
144
36
13
-112
150
603
531
216
186
285
-72
-425
-96
-27
-588
-525
-710
-2035
-2568
-1735
-984
-785
-404
-158
-831
-1136
-820
-1342
-1635
-302
-620
-1423
148
348
-569
-572
-586
-449
-213
-640
-596
-103
-288
-639
-455
-9
-664
-564
-31
-503
-471
198
743
1090
1410
1020
667
440
1028
805
262
1019
1630
1081
953
1924
1296
699
834
1394
391
353
1493
296
205
942
1873
1573
756
1694
1757
898
347
953
667
-486
487
1160
327
112
891
617
-594
-86
768
-324
-452
677
734
325
422
1130
245
-328
1008
704
-179
533
1125
113
21
896
145
-110
85
55
429
377
485
129
195
611
276
645
451
322
524
54
-278
235
555
-173
466
894
-50
-465
521
221
-951
-200
65
-506
-986
-140
-668
-1752
-693
-1276
-1604
-1260
-1148
-969
-1408
-653
-1138
-1249
-535
-1171
-958
-404
-604
-1599
-963
-23
-427
-616
-223
-51
-704
-1288
-1377
-1180
-1508
-873
306
-14
88
692
324
-673
-580
212
-568
-587
-30
-199
228
899
919
-172
569
1148
-803
-864
47
-255
-301
237
184
-388
354
594
-116
-293
-198
178
-971
-559
779
60
516
1206
982
268
139
314
-760
-741
151
-317
-459
588
206
-567
33
28
-1084
-1123
-32
-742
-1098
-252
169
-469
-184
947
-345
-570
431
377
-359
-400
114
-432
-358
552
728
468
713
829
163
-162
363
602
-50
244
1114
741
197
1065
1341
299
1057
1659
671
365
1210
1187
414
852
1295
977
546
633
654
-13
449
1529
1198
823
1465
1559
633
886
1546
886
466
1145
593
341
1154
668
1102
823
703
972
-118
252
357
181
-131
119
-21
-558
349
-72
-223
-487
-483
-456
-967
243
797
8
523
1398
-190
-936
-6
-1091
-1875
-596
-286
-803
-43
269
-732
-508
207
-933
-1707
-439
-629
-1959
-720
-84
-1123
-552
-485
-908
-1029
-1192
-828
-1245
-1436
-1283
-1165
-1363
-1631
-1039
-1443
-1669
-1432
-1289
-974
-398
-501
-1303
-462
-1095
-1945
-1393
-1057
-1198
-671
482
-294
-310
-79
-681
-408
-533
-862
132
325
-844
-362
458
-519
-145
567
90
-137
-262
192
-58
-147
115
134
185
-128
-121
-185
-347
-127
212
-106
57
543
-97
-32
451
308
-41
345
53
-647
106
186
-113
36
306
570
-265
-108
645
124
181
441
1199
180
-350
1160
239
243
1379
1663
841
717
1627
108
511
994
208
880
686
932
468
1012
1109
360
511
319
610
-25
148
806
410
-311
395
381
290
132
5
5
378
-119
-37
159
-100
288
522
969
983
782
632
502
1138
976
691
-180
931
564
-637
573
782
31
-30
209
117
285
439
381
290
132
5
5
378
-119
-37
159
-100
288
522
969
983
782
632
879
578
194
429
331
391
429
574
653
678
1044
947
562
734
184
251
908
986
1156
935
1463
1448
977
1431
937
953
1279
1384
1460
1070
1384
921
-115
97
-710
-317
142
-262
-660
-71
-206
-1000
-591
-409
-152
-101
390
891
-424
-29
623
418
165
186
-324
-1041
416
686
525
1158
441
-117
-697
91
66
-878
117
502
-321
-1108
-391
-689
-576
235
-381
-284
146
-723
-1100
-427
-397
-843
-1718
-539
323
-935
-640
180
-272
-1194
-1108
-887
-1471
-1252
-417
-144
-384
-193
179
-168
137
315
168
146
-88
-115
-401
345
344
164
818
1273
1283
127
453
407
-496
-32
181
-80
-312
199
574
122
547
410
466
602
169
402
237
648
-205
332
562
-713
714
503
166
78
243
414
-257
514
370
-105
39
307
87
-560
-445
-313
-377
-404
407
660
795
1113
213
-529
-390
183
-507
-134
1071
629
507
1394
1204
76
970
1389
873
917
696
822
364
854
1472
1210
1690
1555
1420
910
828
900
-49
-135
219
656
307
231
722
512
670
52
492
937
-593
-473
225
-483
-1756
-676
-700
-2270
-1323
-308
-633
-1259
-67
76
-555
-824
-715
241
-885
-1069
-105
-139
-725
-322
264
228
287
62
851
499
-163
-102
181
-521
-1013
-227
-661
-666
-196
233
-111
-17
942
278
-408
-587
-906
-786
-854
-443
-368
-542
-338
-295
97
-1025
-965
-138
-785
-281
-271
-618
-648
-493
-654
-1084
-146
-292
-943
-260
-41
-519
-593
209
102
-251
429
-332
-402
155
-452
-119
502
-118
-379
346
-231
-1058
-379
211
-756
-881
185
-623
-1276
-617
190
-747
-1302
-210
-785
-880
-572
-578
-1296
-605
56
-1061
-752
-348
-260
-462
238
623
-345
569
509
-17
586
476
71
129
1446
440
-29
1007
757
113
-332
1302
711
-1035
640
35
-2205
-940
436
-508
-695
1028
1080
718
1347
826
297
591
303
73
931
1572
1902
1407
1772
1704
960
1074
734
939
101
-21
733
414
184
409
1255
561
102
1130
785
197
614
1119
167
375
1562
860
67
623
1710
421
46
1342
297
-642
-280
484
273
-1213
-639
139
-640
-701
-595
-938
-1021
-790
-1010
-1709
-1864
-1723
-2020
-1478
-1646
-1914
-1538
-2044
-1779
-1621
-1401
-1150
-1101
-801
-945
-706
-1163
-1052
-851
-1122
-81
10
-378
233
623
298
263
837
568
-55
206
252
300
-46
-385
241
552
573
316
332
598
393
721
828
625
845
464
390
856
1120
956
719
1035
1166
879
1221
1512
1507
971
551
1510
1095
785
1782
1588
1072
902
951
153
205
1046
-405
-700
463
-64
-935
67
698
-118
-793
-509
-523
-1483
-1315
-701
-544
-1657
-1032
-107
-1378
-1351
-698
-523
-1370
-1260
-21
-1023
-1555
-550
-425
-656
-149
886
193
-391
579
-134
-897
-98
-64
-652
-463
-535
-890
-207
-517
-1467
-642
-497
-624
1011
1220
125
616
1428
953
345
1067
1776
1429
1515
2286
2728
1866
1501
1776
1206
1695
1879
1285
1248
1264
936
181
251
309
-140
-226
-427
-325
-44
-867
-1003
-263
-949
-1586
-1112
-339
-1184
-1894
-975
-959
-1668
-1477
-900
-1124
-1169
-788
-992
-897
-746
-1577
-1058
-361
-1121
-1223
-107
251
-842
-436
631
-86
-98
358
660
655
389
872
-23
94
1172
884
363
544
1231
815
-73
70
615
540
-119
380
801
72
-117
-364
-272
34
-213
-41
351
204
110
204
-442
-573
298
-389
-708
171
-309
-572
-777
-498
291
-586
-441
125
63
-40
-266
278
13
22
117
-109
430
316
-139
446
1238
569
637
1350
327
50
1020
863
-152
617
1814
681
271
1414
1564
126
366
2042
731
-347
758
972
122
-521
-99
-743
-1720
-1282
-1329
-1098
-673
-870
-724
-526
-1472
-2089
-522
-251
-1843
-620
494
-287
153
110
-260
-102
-497
-467
185
540
671
247
-192
241
-452
-1374
-886
-502
-2
-217
-317
834
996
248
-511
-53
337
-910
-141
866
-343
-72
984
376
-252
282
388
-534
-90
253
-511
-623
-712
-376
-606
-550
-255
-589
-683
-712
-671
-1145
-1130
-1031
-1023
-986
-1130
-950
-849
-831
-991
-1127
-195
33
-494
405
647
10
-12
80
-253
448
900
-142
217
834
-106
-71
578
811
777
299
681
302
-132
429
312
382
776
715
337
318
976
681
268
1224
1515
665
771
1660
1098
563
1429
1444
1015
1272
667
593
1553
1168
603
1104
2004
805
6
1883
1330
-51
657
1935
1097
-86
1499
1317
-78
972
1623
679
359
1156
1514
337
-53
451
101
-601
-887
-345
-531
-541
-316
-669
-393
-382
-163
-662
-888
300
67
-685
13
1046
384
71
1440
1204
529
1338
1299
679
580
558
110
36
250
-11
-59
29
-194
10
-82
-322
102
-804
-997
-352
-1069
-1033
-706
-784
-549
-1221
-1362
-1251
-1577
-1628
-1890
-1468
-2108
-2928
-2052
-2056
-2808
-2687
-2247
-2461
-3393
-3414
-3024
-2897
-2416
-2454
-2616
-1785
-1496
-2411
-2198
-1235
-1536
-2200
-1736
-718
-614
-1719
-1604
-118
-856
-1589
-299
116
-335
-300
402
806
626
894
550
629
1178
444
856
1391
901
929
1235
1202
1384
1479
1540
1764
1661
1585
1118
1065
1260
960
1077
1100
717
729
765
1262
841
126
1039
734
-147
544
866
128
171
1202
302
-415
713
606
63
-213
494
767
-435
-195
526
-378
-1268
-85
-21
-834
387
547
186
305
239
-259
-606
-605
-558
78
-231
-78
881
305
-255
1266
1377
593
1225
1113
646
926
1210
964
1443
1319
777
681
829
1011
495
284
558
929
-130
-632
400
-170
-1417
-759
-207
-1058
-740
-96
-869
-1207
-604
-554
-1284
-844
-158
-786
-622
-98
-167
-354
-284
-225
-347
-594
-461
-99
-382
-227
611
464
30
1330
1221
83
797
846
-262
2
911
615
697
1039
856
653
411
665
440
-32
-441
219
500
-619
52
626
-267
-123
691
44
-731
-499
-577
-1299
-1168
-909
-985
-642
-173
-274
-318
200
-177
-1089
-466
598
-342
-11
1245
1658
1753
2047
2616
1734
2135
2632
1949
2216
2315
1958
1294
1391
1664
1471
1760
1310
1240
1340
1015
879
671
1086
917
356
558
1000
1058
627
207
463
829
476
95
736
436
-165
266
-103
-257
253
-26
-947
-227
712
-739
-1271
279
111
-928
-677
504
-207
-1604
-533
-154
-623
-668
-293
-146
-650
-280
-345
-1079
-477
-230
-735
-752
-621
-1011
-1273
-546
-257
-934
-1295
-633
-885
-1989
-1196
-678
-1636
-1454
-970
-1391
-1614
-907
-1098
-1849
-1114
-486
-727
-1251
-1116
-309
-765
-1140
-458
-977
-1271
-359
-697
-1075
-389
-138
-520
-813
-581
-465
-492
-1546
-1470
-24
-1020
-1862
-508
-380
-851
-661
-928
-1339
-1717
-1450
-1567
-1555
-1267
-1614
-1474
-1221
-1090
-1383
-1785
-1020
-1005
-1799
-1727
-1383
-1617
-2012
-1588
-1541
-1628
-1291
-1603
-1653
-998
-1366
-1790
-1387
-1082
-1015
-1234
-1001
-509
113
538
329
715
1311
642
103
792
1354
778
736
1608
1066
722
1067
1115
1673
1580
1124
1613
1753
505
784
1964
1528
1318
1767
1742
1484
1854
2155
1717
1838
2048
1386
1035
1554
1798
1057
1343
1688
1131
943
856
735
567
274
-311
-210
693
948
650
1237
1697
505
-498
861
1385
-27
71
1523
2238
1519
1493
2700
2244
1464
1555
1474
1539
1401
1516
1059
956
1584
1666
1413
1460
1842
1236
735
489
263
622
496
400
702
764
392
435
668
224
178
508
66
-374
367
-88
-1048
-233
58
-746
-405
526
-684
-1301
-153
-765
-1417
-127
-14
-906
-639
-13
-548
-1410
-380
169
-987
-1058
-581
-995
-1737
-1689
-1279
-1989
-2042
-1265
-1456
-1645
-1453
-1215
-1808
-2360
-1622
-1560
-2144
-1991
-1779
-2198
-2136
-1590
-1544
-1899
-1453
-934
-1775
-1917
-1302
-1365
-1390
-834
-986
-1134
-1217
-1630
-981
-772
-1219
-982
-664
-497
-458
-413
-549
-779
-421
-313
-387
-571
-348
106
-169
-60
760
571
-519
389
1267
-485
-590
830
-170
-786
389
553
-379
-305
632
328
-35
792
448
-689
-690
-128
-213
-340
891
1479
1272
1572
1646
1037
716
1253
1437
1448
2246
2552
2463
2813
2511
2366
2786
2787
2487
2374
2488
2754
1957
1876
2515
1746
1829
1904
1349
1333
1296
915
1060
1020
174
452
1117
508
210
683
692
-165
-191
333
-188
-278
-339
-397
-739
-636
-208
-714
-997
-990
-1095
-1620
-1585
-1319
-1548
-1519
-1318
-1776
-1597
-724
-1035
-1146
-1112
-1381
-1018
-950
-908
-635
-696
-38
335
-151
580
968
41
185
636
91
366
770
218
465
706
508
809
1550
1288
526
872
839
439
911
942
619
1416
1535
789
892
877
142
157
455
-188
-180
246
375
312
102
210
-371
-825
-646
-692
-1425
-1735
-1102
-1451
-1495
-911
-1185
-1645
-1263
-967
-1244
-823
-315
-736
-1351
-1014
-644
-750
-529
13
-234
-371
185
194
-19
-19
-74
96
178
-538
-626
-461
-505
-86
129
-463
-998
-316
2
-519
-384
-162
-419
-434
-648
-959
-623
29
-150
-419
-110
-600
-857
-23
33
-732
-31
279
-383
-183
-63
109
39
-35
195
324
532
549
353
300
446
95
41
573
732
934
1095
1349
1332
1324
1658
866
528
1240
1119
226
319
826
302
244
617
302
-115
130
272
-128
-539
-122
104
-746
-611
-81
-836
-888
-114
-465
-1162
-1033
-783
-1181
-1040
-717
-804
-760
-633
-601
-884
-889
-600
-577
-526
-368
-562
-336
-283
-619
-453
178
-414
-756
293
-21
-510
147
406
-441
-320
120
-371
-461
-39
-435
-1123
-656
-415
-885
-863
-336
-554
-965
-706
-555
-602
-416
-29
76
-527
-292
55
-482
-400
113
109
-181
95
336
-345
-797
-170
-81
-281
208
183
-20
629
808
635
597
223
25
-296
-528
-314
-101
284
312
435
818
554
365
437
243
240
703
914
872
713
802
1043
1032
855
785
1238
1069
322
1034
1639
755
964
1495
1138
1404
2045
1744
1234
1387
1508
1234
835
1234
1661
1311
1291
2168
2129
1369
1860
2350
1511
1294
1888
1525
1001
1060
1283
937
807
991
343
-378
-38
49
-437
-519
27
2
-576
-298
-59
-551
-1015
-261
-41
-537
-212
-89
-311
-351
130
332
118
-87
-274
-706
-1360
-1039
-872
-1140
-928
-801
-934
-1178
-1184
-864
-1025
-1394
-1288
-1726
-1808
-1426
-1056
-274
296
556
219
-261
-310
-189
-184
-149
65
-48
241
449
-5
-75
-6
-74
-498
-994
-1021
-750
-1059
-1235
-1176
-1337
-1429
-1276
-792
-1039
-1415
-818
-1069
-1767
-1375
-1439
-1664
-1438
-1026
-1292
-1178
-1284
-1831
-1525
-1672
-1899
-2309
-2745
-3095
-3093
-3488
-4206
-3926
-3162
-2360
-1989
-1520
-1077
-721
-564
202
62
-464
841
1235
953
1807
2834
2665
2786
3753
4198
3520
3221
3807
2916
2347
3530
3581
3381
3862
3546
2746
2398
2473
2163
1827
1666
1432
727
312
370
348
294
82
55
-209
-613
-278
-471
-1201
-599
-310
-1033
-941
-376
-580
-855
-795
-455
-403
-419
177
-47
-523
-199
156
-102
-334
-156
-387
-450
168
529
558
779
690
439
720
634
853
1165
876
1236
1750
1267
725
1271
1147
500
480
327
93
502
1198
999
1052
738
-54
-560
-175
68
106
847
616
616
557
391
90
-35
84
-299
32
136
369
671
-106
-451
-233
-242
-926
-1183
-1086
-1421
-1568
-1406
-1013
-1296
-1471
-1157
-1256
-2032
-1791
-1343
-2162
-2141
-1478
-1279
-1663
-1171
-577
-1153
-1050
-843
-1018
-1409
-1197
-1012
-1687
-1448
-1186
-1064
-1030
-1154
-1154
-1657
-1768
-1615
-1762
-1931
-1741
-1862
-2352
-1730
-1981
-1673
-880
-1134
-628
-526
-43
44
-202
-293
-331
-124
-450
485
420
-304
513
496
594
885
1125
997
688
1388
1099
487
923
1440
1168
825
1435
1616
954
1092
1506
1195
1161
1406
1763
1773
1534
1947
1725
1434
1760
1758
1663
1828
1750
1455
1505
1253
1192
1451
1571
1781
1454
1282
1574
1433
1392
1735
1576
1255
1001
912
1205
1918
2246
1917
1488
804
614
464
378
348
329
465
365
342
297
127
228
-138
117
337
-536
-168
298
440
634
675
50
-350
438
36
-318
51
-277
-874
-557
-56
-1020
-873
-355
-414
-767
-964
-338
-1065
-1004
191
329
-216
278
1032
241
-224
615
404
-222
644
982
733
763
1091
1103
907
1116
597
146
396
28
-705
-651
-524
-781
-1237
-1163
-1081
-1860
-1781
-1195
-870
-1514
-1893
-1053
-1241
-1749
-1521
-1607
-1219
-1124
-1330
-967
-1328
-1741
-1611
-1911
-3148
-2857
-2539
-3405
-3332
-3258
-3204
-2991
-2636
-2690
-2915
-2930
-3322
-2913
-2579
-2484
-2577
-2152
-1383
-1698
-1159
-473
-745
-1177
-680
-651
-1012
-428
-129
-240
-609
-416
-27
-110
-95
-42
-562
-1372
-1289
-1129
-1068
-611
-1042
-846
-509
-505
-352
-290
112
194
106
445
1214
1211
1201
1636
1671
1536
2093
2552
2437
2530
2913
2724
1964
2009
2299
2309
2365
2807
2018
1842
2511
1841
1759
2059
2158
1596
1966
2588
1895
2041
1807
1132
913
1226
1517
998
1058
1661
1599
929
1631
1970
622
554
1561
929
293
1663
1453
455
1200
1365
660
645
1170
799
207
298
619
800
569
856
1151
794
1017
1189
712
538
930
772
190
76
-175
-619
-1054
-854
-852
-1635
-1477
-1184
-369
202
-188
18
-1045
-1555
-1618
-1742
-890
-337
49
-303
490
1295
829
1028
1063
1189
1505
918
237
881
1130
556
332
483
1236
302
-698
-250
-261
-1043
-1618
-927
-1588
-2506
-2217
-1545
-1426
-1858
-904
-795
-1492
-1497
-1362
-1781
-1461
-456
-738
-1078
-368
303
131
542
1080
400
483
1056
711
412
379
401
489
174
-197
151
-42
-550
-757
-736
-809
-988
-953
-583
51
-63
167
468
122
-330
271
267
-694
-216
63
16
-90
-321
-662
-799
-169
-491
-433
-233
-1114
-854
221
229
-396
-57
262
-5
-660
-180
80
-685
20
481
87
-320
633
1007
-77
131
651
304
-367
289
826
296
-179
-299
293
-269
-1112
-130
-225
-1189
-438
-252
-838
-1081
-823
-655
-691
-681
-494
-140
-615
-529
-261
-403
-97
-364
-345
-922
-1415
-748
-814
25
132
-358
-996
-1465
-330
-1274
-1333
-405
-1242
-881
253
-126
-1021
-385
-83
-567
-150
-79
-967
-51
145
-1239
-836
-636
-545
-1004
-995
-430
-1661
-1294
286
59
-1083
-557
697
254
-273
82
117
-295
-444
-211
-41
-424
-421
-653
-1032
-673
-631
-255
-524
-1047
-857
-757
-325
-279
232
409
-160
59
389
625
764
1225
1228
1155
1297
1373
1261
499
976
1223
890
1501
1876
1898
1541
1711
1434
1601
1663
941
1396
1685
1943
1398
1984
2145
1526
1887
1614
1918
1176
984
1567
1561
1002
978
1654
1007
1236
1958
1226
800
1549
1166
420
1341
1616
731
759
1545
1432
807
906
671
21
-732
-415
315
148
53
66
-48
-273
-308
-486
-638
-829
-493
-158
-668
-280
-49
-688
-501
-978
-1250
-621
-420
-398
-177
695
-147
-922
-460
-369
-178
-441
-477
-535
-864
-1227
-986
-386
-709
-612
480
550
-845
-365
26
-771
-720
-419
136
-388
-587
-299
-140
-1019
-1234
7
-961
-1711
-1473
-1647
-1364
-1344
-1836
-1808
-1392
-1938
-2218
-1835
-1749
-1881
-1801
-1709
-2396
-1652
-1419
-2071
-1382
-668
-1151
-1394
-361
-81
-360
-295
-158
-311
-919
-852
-610
-1480
-1809
-1122
-715
-1012
-602
-217
-71
-502
-797
-278
-1138
-267
436
-569
-76
580
278
-403
772
1378
663
1014
1902
1613
853
1993
1779
765
778
1570
1248
775
1303
1305
1274
1086
1968
1475
450
804
669
390
490
963
1010
770
786
787
914
1248
1113
989
825
928
1200
834
1208
1609
1731
1547
1373
1473
1840
2206
2122
2537
2692
2002
2089
1662
716
1304
1455
1424
1448
1819
1501
1035
927
283
435
113
43
260
279
437
401
538
5
-542
-88
107
-610
-31
232
-1453
-1856
-1559
-1198
-1513
-1307
-1010
-1548
-1188
-916
-856
-919
28
207
45
163
-240
40
-320
-196
485
1396
2160
1981
2004
1329
1180
1096
754
1415
896
441
885
543
-305
-208
531
-377
-953
-358
-896
-1028
-912
-855
-866
-1422
-712
-1096
-1341
-990
-1018
-892
-1554
-988
-1346
-1438
-795
-1160
-1204
-815
-516
-1535
-1669
-919
-1731
-2693
-2063
-1948
-2840
-2290
-2083
-2238
-2549
-2662
-1869
-2320
-2582
-2373
-1712
-1533
-1352
-1016
-1110
-862
-1660
-1091
-367
-514
-110
460
1387
589
445
1495
861
5
280
511
-124
-3
1027
1081
437
791
1454
1038
665
1050
556
-165
530
250
-214
920
1063
809
408
674
959
-41
-143
-134
547
839
441
1227
958
540
755
861
959
971
1044
498
688
841
159
521
1078
766
719
305
572
829
-450
-139
101
-11
374
727
-161
-1247
-425
-707
208
1311
30
464
780
-216
-335
-333
35
65
-348
273
391
1
-13
-435
-142
7
-344
-251
-590
-825
-1174
-1562
-1582
-977
-497
-1142
-781
-930
-1518
-1549
-1892
-1919
-2434
-1710
-1030
-1655
-1320
-728
-466
-1047
-752
177
-522
-870
-422
-214
-99
-186
451
1113
1026
1016
989
1073
818
698
923
1040
1217
787
1410
2367
1030
294
1070
1185
-46
-642
476
517
-345
-376
-268
-1210
-1100
-94
-636
-625
208
155
-585
-321
610
619
923
1135
722
645
356
427
816
976
675
939
1185
1012
1473
1361
1344
1608
970
768
1267
909
576
796
686
-224
-264
-35
-626
-348
-565
-539
267
-396
-1124
-806
-368
-790
-983
-210
-538
-681
-89
-388
102
205
39
365
-133
-524
-244
428
-426
-630
469
-618
-1571
-839
173
311
-141
-37
-401
-586
479
1438
360
-227
876
394
-552
130
1199
1300
706
1269
2034
1230
1270
1447
1146
1472
957
852
819
889
1167
410
480
503
308
-368
-624
488
-58
-926
-933
-742
-788
-1233
-633
-380
-773
-876
-689
-145
-375
-621
-349
-378
-598
-712
-320
-198
-545
-273
100
-131
5
-28
-487
-287
-514
-1016
-470
30
-477
-532
-234
-632
-450
410
-245
-667
795
307
-746
121
827
100
1
916
445
-80
160
323
919
1256
502
431
939
800
403
1726
1706
205
674
341
280
143
-26
51
-733
-567
-55
-619
-1198
-287
-10
-1604
-1083
456
-924
-1410
102
484
-155
-198
409
354
-40
-254
-32
457
221
178
327
87
-220
-371
101
302
-193
29
469
-103
-592
-551
282
-95
-940
18
61
-932
-1299
-214
-575
-1037
-111
-1006
-977
-1076
-1334
-517
-895
60
744
-281
-29
-421
-968
330
847
107
270
1163
468
-11
936
901
351
-85
-33
43
-99
-447
-267
77
-310
-560
-591
-444
-312
-39
-332
-166
-201
-601
-292
-280
-310
-323
-341
-746
-503
-14
-757
-937
58
-78
-1051
-599
-137
-635
-35
-79
-708
646
294
-488
507
416
-670
-341
670
102
-308
671
561
-206
-87
-587
-281
-449
-467
-11
-320
-76
-901
-790
-264
-1256
-347
1072
69
-808
-421
-74
-196
786
1175
486
1021
1154
310
-579
96
993
303
-225
331
674
-405
-501
337
-32
-362
-34
-11
183
406
217
257
1152
1266
105
730
1727
919
802
1759
2079
1806
1985
2586
2530
1869
1869
2309
2309
2021
1972
1997
1786
2068
1606
1190
983
527
873
604
130
117
-651
-732
-506
-638
-371
-613
-410
-639
-1043
-948
-892
-1542
-1899
-7
706
-889
-748
387
-656
-1299
446
63
-960
418
-426
-1893
-858
509
-550
-1406
480
-73
-2270
-1766
-435
-1228
-1938
-762
-669
-1571
-1768
-1140
-976
-1756
-1291
-830
-1226
-169
-101
-905
-392
-442
-919
-918
-275
-142
-1069
-655
322
-50
-411
23
128
-538
-718
-632
-172
-167
-1034
-507
38
-368
-533
-49
157
-651
-764
-361
-297
-509
-620
47
81
-52
132
435
543
512
92
-298
1008
847
-252
-36
503
-5
-663
609
1674
1371
813
759
463
159
716
423
211
905
1263
729
715
1650
833
117
1084
1293
-39
-124
773
588
144
322
614
299
-338
-640
-95
-533
-733
-12
-363
-661
-217
-78
-729
-890
-342
-499
-778
-829
-719
-835
-1202
-635
-471
-742
-238
78
-626
-1398
-308
304
-522
151
889
166
-432
150
477
79
204
1112
1634
1452
1755
2119
1605
742
1022
1676
1406
1310
1154
424
305
978
1103
596
742
459
-92
115
-208
-158
101
-819
-965
232
150
-603
-336
-199
-582
-618
-438
-470
-648
-750
-729
-723
-598
-799
-568
-272
-1002
-942
-263
-806
-913
-626
-793
-255
-33
-528
-520
-305
-723
-1301
-781
-348
-897
-444
-271
-720
-385
-547
-1120
-617
-148
-736
-1108
-930
-178
-111
-393
292
445
-229
20
540
281
326
491
424
-136
-243
516
541
711
1321
738
262
551
313
55
308
361
357
255
18
173
88
116
277
156
-111
-35
-193
-108
119
445
449
-151
264
566
353
352
510
81
-74
288
120
104
989
694
-408
288
526
-406
-338
174
-172
-556
340
974
489
529
821
616
94
58
437
371
392
1051
1320
830
1322
1944
1299
1540
2529
2197
1930
2528
1605
614
1757
1929
474
1008
1854
850
725
1127
331
55
469
-5
-89
60
-66
63
149
-1
-147
136
115
-412
-364
313
157
-42
251
67
-3
308
277
185
375
305
-442
-512
9
-278
-268
-43
-409
-437
-313
-812
-602
-528
-1116
-750
-555
-1227
-1076
-495
-694
-812
-662
-753
-1083
-1089
-1077
-1192
-772
-464
-1017
-1274
-762
-886
-1065
-823
-543
-486
-1025
-794
-828
-1568
-1351
-702
-846
-1296
-1066
-808
-1017
-697
-18
-120
-507
-667
-738
-1547
-1097
-126
-745
-616
-136
-198
-678
-725
-633
-1408
-1149
-718
-1235
-933
-301
-739
-1309
-516
-316
-795
-260
-652
-1097
-302
327
-206
-763
-95
269
-297
-267
186
-268
-398
-43
-138
-566
-285
-67
-732
-608
-95
-362
-1099
-730
-1009
-1425
-693
-974
-811
-274
318
79
-290
741
677
721
1463
604
-164
431
957
1479
790
320
1769
1775
576
898
1854
1109
521
1016
61
-280
530
91
-253
444
478
-408
-225
661
252
-102
347
291
-169
88
1012
841
347
958
655
-791
-324
583
152
176
464
-433
-962
-375
-46
-114
-102
165
-118
-365
-156
56
72
-16
416
1548
1374
865
1258
1055
809
941
714
378
1223
1376
1023
1426
912
641
908
810
538
567
493
296
528
11
-418
424
807
147
467
698
-388
-483
292
281
51
385
338
-532
-839
-181
547
343
225
923
231
-516
83
-120
-791
53
1010
453
386
983
864
434
561
445
537
896
928
1006
941
1170
1069
739
526
593
387
306
601
-116
-195
81
62
570
21
-344
105
-680
-1333
-843
-846
-740
-231
-272
-354
-491
-469
-300
39
-50
-772
-1075
-492
-458
-1086
-380
-353
-906
-282
89
1
129
364
-177
-348
290
168
419
911
436
158
240
303
1025
815
148
777
342
48
735
699
278
418
490
-567
-514
121
-384
-382
337
236
-412
253
530
-346
-48
364
-319
-225
129
-212
-188
-380
-471
-418
-474
-653
-821
-802
-633
-796
-840
-705
-1036
-820
-731
-1402
-1568
-748
-730
-1215
-680
-618
-1728
-1570
-1078
-2011
-2446
-2385
-2134
-2239
-2316
-1116
-246
-345
-473
-745
-1575
-1818
-1028
-219
-157
-12
192
304
549
528
726
687
621
583
686
576
289
998
528
-463
-75
409
347
42
686
714
-337
-228
391
-181
-367
346
86
-33
439
246
-408
120
744
-80
-330
177
-252
-938
-270
105
-748
-367
129
-833
-990
-327
-484
-693
-231
-79
-436
-18
282
48
343
544
534
642
497
483
812
546
984
1425
879
1033
1030
145
-35
427
-319
-771
388
425
-108
221
294
168
674
901
336
422
542
351
468
842
1296
2139
1766
917
1515
1556
1087
1574
1681
1339
1581
1436
810
846
1316
1473
1323
702
813
1036
156
30
588
332
106
256
315
47
71
-154
-189
210
-43
-100
28
47
-170
134
-25
-885
-214
279
-328
-46
515
197
-131
77
53
-291
-476
-420
-70
65
-4
-106
-809
-1121
-262
-287
-739
178
306
-597
-829
-555
-866
-1071
-169
-601
-1483
-977
-899
-1633
-1346
-905
-1972
-2013
-1157
-1845
-2287
-1556
-1641
-1878
-1826
-1548
-1478
-1668
-1351
-1128
-825
-1017
-771
-618
-787
-346
-511
-326
116
116
306
668
224
-116
248
187
-677
-451
543
153
8
1150
1147
152
397
216
-189
146
247
20
114
183
196
270
352
618
436
-234
-650
-293
-564
-951
-537
-552
-791
-842
-992
-961
-895
-540
-418
-857
-982
-1004
-1101
-1232
-886
-558
-937
-1077
-544
-161
-11
244
123
351
801
795
809
670
1211
1367
1522
1381
1466
2256
2571
2990
2577
2613
2736
2919
2744
2048
2332
2720
2577
2192
2447
2469
2183
2722
2893
2330
1854
1869
1807
1420
1539
1916
1417
820
738
759
689
244
271
138
-114
408
446
-146
-144
144
-594
-1159
-870
-818
-832
-636
-239
-158
-464
-448
-536
-928
-892
-532
-928
-1403
-958
-753
-1126
-713
-184
-700
-648
-277
-194
-220
-299
-166
-384
-466
-497
-618
-517
-181
-173
-201
-149
-299
-348
-222
-180
-593
-777
-567
-735
-1228
-1175
-749
-737
-832
-881
-1272
-1644
-1817
-1809
-1869
-1630
-881
-707
-1639
-1916
-1460
-1828
-1394
-904
-1410
-1482
-1052
-605
-512
-138
408
-127
-786
-335
94
61
211
249
286
271
397
277
-160
-61
-94
-584
-466
68
-308
-266
-165
-325
-594
-341
595
206
111
167
-283
-505
-532
-318
-359
-210
210
303
354
150
-32
350
827
791
439
560
486
130
269
704
480
-5
166
254
0
-204
18
464
466
-179
-29
50
-649
-796
-318
-331
-768
-144
-69
-1087
-641
-154
-751
-602
-236
-515
-748
-95
383
87
37
372
96
22
592
691
967
1447
1835
2088
2120
1923
1325
1294
1331
1286
1368
1297
1683
1277
1204
1647
1470
1020
826
754
513
588
508
548
300
160
54
-246
-42
322
214
224
74
-560
-542
-882
-1040
-323
31
-427
-576
7
-210
-623
-398
-670
-1286
-1107
-991
-1561
-1570
-1159
-1262
-1013
-173
324
134
19
92
-226
-715
-370
127
-47
268
962
887
142
683
1144
28
-352
509
579
97
283
233
-313
-509
-348
-561
-655
-66
64
-576
-765
-477
-313
-375
-351
-354
-367
-143
-61
-34
16
107
303
351
400
514
619
434
450
912
679
-15
-109
120
-243
39
380
-53
623
1174
993
749
491
544
619
536
413
484
733
800
430
675
912
387
394
819
785
751
937
616
537
341
-65
415
564
189
392
411
383
737
621
542
586
327
169
345
390
335
563
919
908
375
216
284
98
297
391
109
263
350
114
26
281
238
-555
-779
-579
-698
-762
-787
-1069
-1089
-784
-887
-905
-1035
-1015
-1044
-1310
-1066
-849
-970
-836
-461
-485
-570
-740
-926
-795
-1325
-1474
-1444
-2386
-1937
-1124
-1685
-1516
-296
-723
-1192
-663
-874
-848
-1221
-1149
-622
-809
-701
-189
77
-338
-252
432
607
137
88
224
11
44
307
543
-77
-95
122
-304
-219
165
-66
-654
-208
-109
-694
-616
-519
-1012
-1218
-903
-1120
-1359
-1384
-1617
-1576
-1608
-1659
-1482
-1495
-1662
-1456
-1213
-1774
-1723
-1184
-1673
-1775
-1432
-1605
-1945
-1863
-1650
-1651
-1498
-1331
-1186
-1201
-1391
-968
-302
-145
317
594
414
973
1325
1258
1732
2433
2654
2421
2716
3225
2879
2692
3265
2805
2410
2671
2396
2371
2485
2461
1785
1459
1510
1478
1914
2147
2205
1586
1594
1678
1117
1327
1456
1514
1443
1755
1309
794
892
486
1249
1481
1026
987
1222
1322
606
584
981
572
-149
651
1221
464
531
1149
861
244
754
853
236
292
543
338
532
653
445
724
633
683
865
724
657
-31
-415
-380
-794
-1126
-715
-13
-402
-640
-960
-998
-1069
-1550
-1315
-1157
-1088
-1086
-850
-1285
-1080
-558
-1002
-1236
-1366
-769
-777
-923
-387
-248
-435
-1046
-541
-577
-907
-193
71
-120
-507
221
394
-460
-747
-12
112
-1039
-493
653
229
-434
14
244
-61
-411
44
404
-265
132
-80
-425
-39
25
-88
-114
213
96
-180
-108
213
-280
-409
97
-155
-207
-387
-254
-602
-1099
-562
-428
-545
-694
-661
-535
-613
-425
-11
139
-96
215
420
138
595
225
185
201
-114
262
243
314
307
946
599
228
472
122
497
763
963
628
930
1096
831
1331
1020
1025
985
1245
1008
658
901
839
418
-122
558
386
-305
-16
242
-584
-334
221
-695
-914
-291
-4
-852
-801
-354
-564
-602
-446
-237
-842
-680
-345
-367
-206
-687
-524
-320
-874
-1195
-720
-753
-1494
-1802
-1727
-1495
-1654
-1166
-512
-1380
-1385
-1372
-1145
-640
-1551
-1234
-1046
-938
-1096
-1207
-583
-562
49
-14
299
518
-143
-83
-202
-47
-763
-689
47
45
289
239
280
-15
225
324
-531
-977
-317
-110
-869
-531
288
118
-335
162
53
-479
-55
307
94
-458
267
469
-405
46
432
-317
-1041
-95
485
-500
-607
-312
-569
-900
-616
-122
-247
-727
-962
-675
-448
-520
-248
162
321
-293
-33
509
-357
-271
-20
-22
-446
-25
348
-315
266
171
531
931
626
918
979
849
323
1186
1668
792
450
767
1041
1138
2079
1879
751
586
1095
394
-384
277
993
348
114
1081
-14
-432
294
362
303
506
854
-76
-49
698
445
7
178
856
439
555
1681
1458
623
1065
1612
667
407
1484
995
337
1061
1691
714
74
755
777
408
-146
329
149
-19
-25
269
86
-1061
686
1090
-301
-61
313
-208
-354
1008
963
625
1038
1077
1567
1175
834
459
-8
520
937
548
574
538
21
-13
-118
-214
-570
-729
-551
-913
-717
-326
-537
-379
-160
-842
-1155
-50
-149
-1302
-1207
-399
-972
-1167
-287
-958
-1378
-570
13
-1143
-1684
-788
-1433
-2077
-1323
-679
-1333
-1817
-652
-1100
-2096
-1433
-950
-785
-1728
-1332
-569
-1090
-1243
-1143
-604
-963
-429
-148
-634
-388
-704
-471
-321
-163
-200
-489
3
19
-641
-833
-552
-1127
-1024
-120
204
-329
-423
220
-392
-773
-134
832
433
284
1150
639
489
1647
1475
3
838
1270
-6
65
732
692
171
916
1278
268
650
866
-46
153
1022
943
-15
817
1420
246
494
1251
1081
330
825
1398
1278
649
760
1664
656
711
1208
1030
578
746
1102
-10
114
77
73
358
-36
-242
-601
467
505
192
1383
955
430
984
1686
1242
855
2153
2499
1482
1001
1560
1721
882
1748
2447
1373
1239
621
328
-77
-587
454
-114
-122
286
-735
-675
-93
-383
-1591
-876
195
-843
-1535
-1383
-612
314
85
90
73
-248
-423
-917
19
196
-618
-320
682
-49
-887
249
687
97
-548
-367
-9
-349
-1403
-613
64
-1404
-1493
-492
-639
-1850
-856
-556
-1575
-768
-566
-517
-1139
-808
-866
-1897
-1278
-570
-1041
-1621
-802
-1372
-2155
-1724
-883
-1725
-2252
-1227
-2314
-2714
-1839
-1799
-2124
-1448
-792
-1348
-1367
-1000
-1306
-1476
-917
-236
-1031
-1365
86
156
-189
982
950
-485
-405
407
-203
-823
283
1125
261
296
1010
356
111
539
725
319
709
968
30
717
606
197
232
443
883
-28
928
763
347
698
322
476
-467
139
59
-294
417
-189
-515
-23
586
11
-585
-18
120
-567
72
470
660
690
604
1498
985
862
563
742
1777
1345
1503
1126
872
947
595
849
504
783
1069
472
398
582
401
259
440
1234
828
587
1512
548
168
1137
622
688
759
878
1561
1114
1516
1671
1867
446
780
1237
260
1668
781
139
287
1220
523
-397
853
391
-474
-977
-176
-506
-863
-365
-366
-417
-791
-1018
-1543
-807
-1122
-1880
-909
285
-146
-1001
21
-417
-876
-673
-695
-428
-886
-624
-809
-744
-1383
-1987
-1651
-2136
-1281
-1058
-1398
-1746
-1989
-2263
-2509
-809
-550
-1527
-376
476
-485
-985
-191
-129
-548
380
597
653
1295
1325
948
652
1329
1257
301
156
776
1158
875
-176
-161
616
-405
-985
-365
-4
-587
-953
-391
-553
-699
-869
-927
-853
-639
-377
-1062
-945
-758
-875
-1176
-1173
-365
-546
-1134
-985
-678
-1252
-1432
-520
246
580
585
430
492
574
-111
535
2234
1635
944
2297
2430
1787
2420
3689
3403
2505
3634
3654
1913
1669
2509
2054
967
1995
2937
1452
1215
1637
1332
159
-230
476
-306
-140
-11
-671
-411
-773
-1514
-1247
-868
-2150
-1847
-805
-1563
-1743
-1576
-1097
-1521
-1336
-387
-700
-977
-206
-213
-1473
-302
902
-287
-921
1098
1731
-499
108
1823
861
-750
464
931
-73
759
1233
1058
987
1805
1019
149
992
865
-20
-822
-157
412
-866
-1155
338
-796
-1957
-1416
-1199
-1703
-2387
-1307
-1281
-2603
-2289
-1761
-2019
-2858
-3398
-1129
-2414
-4064
-1827
-893
-1408
-1577
-409
-971
-1141
-50
-239
-362
-345
-271
361
295
-508
526
1668
620
702
1376
1224
359
518
902
84
-159
374
1265
302
509
1534
1340
407
529
1834
1158
438
659
1399
1170
145
241
544
442
1
-256
579
815
510
522
380
144
-1031
-809
422
32
516
768
915
321
-326
1165
322
-115
827
628
524
-35
303
268
-33
901
-308
491
460
-769
192
168
411
-197
960
1448
294
-133
-364
612
-302
-468
634
234
574
16
-89
968
530
-51
364
398
-203
-208
915
869
420
1916
1118
-247
1552
2229
358
269
1535
1041
269
1172
1598
604
709
346
259
712
-109
-213
-190
29
203
69
299
219
299
-492
-357
285
-281
87
585
1141
473
-256
854
1110
-24
-768
-577
570
-27
-228
2017
716
-1057
-665
-102
-565
-1661
-1291
-2129
-1893
-1411
-2018
-647
-333
-31
-695
-1037
-380
-1644
-727
-325
-1019
-701
248
-12
-1341
185
881
-870
-374
959
-132
-1386
-952
-327
-2217
-2174
308
-922
-1753
-661
65
-1753
-3037
-1113
-1489
-2007
-1213
-907
-1598
-2203
-1364
-1911
-2650
-2260
-2022
-1172
-1647
-1858
-449
-849
-1572
-801
97
-176
-650
33
477
-343
559
1474
360
90
424
671
198
619
626
455
239
-568
735
700
559
1145
1574
1120
613
2249
1494
918
2033
2162
670
70
1949
1311
411
1652
1900
985
152
394
680
-533
-767
-143
-1104
-945
72
-149
-913
269
1210
-939
-679
993
638
-1114
-504
1749
-73
-711
1689
1173
-495
-208
696
513
-146
555
776
-174
-306
570
891
94
383
807
-11
-530
-273
483
755
276
220
216
23
-247
134
609
197
552
703
455
348
-114
-888
-1073
124
636
-35
-86
87
69
-484
-1207
-629
393
281
-789
76
1050
-153
-265
78
573
615
-488
377
798
-206
563
642
381
194
-361
697
708
455
312
5
-7
-869
-956
36
-364
-1101
385
237
-1584
-1800
-531
-914
-1867
-564
56
-1000
-744
339
153
-553
-628
1022
381
-1082
454
929
-87
-34
889
629
143
420
352
362
-8
159
-123
-425
-214
-588
65
-22
137
-63
-589
36
-471
-734
-127
64
-621
-1136
-612
-1036
-901
-219
-719
-215
134
-362
-890
-802
-406
-845
-949
-702
-155
450
-53
201
890
21
-548
-97
281
-503
72
1413
799
1240
2029
1324
997
1948
2673
1390
991
2167
1714
1746
1784
1896
1772
1299
2360
1660
984
1990
1933
1016
862
1180
403
-214
83
235
841
1226
732
96
-283
-3
117
329
658
190
151
-188
-105
-465
-439
541
-403
-179
12
-589
-365
-441
-600
-1284
-1898
-1584
-1055
-969
-1311
-821
-234
-997
-1006
-735
-605
-336
-366
-547
-581
-197
-469
-621
-315
311
713
1259
439
-141
1051
-56
137
1073
-562
-745
189
709
-1018
-1395
836
-623
-1184
585
728
-570
-1091
82
-857
-2208
-819
-74
-1426
-1477
79
380
-798
-582
-244
-372
-95
-305
-414
-872
-324
-317
-783
-212
192
-207
-839
-618
-756
-1111
-1157
-852
-933
-1432
-935
-832
-1375
-553
124
-795
-1072
-217
-535
-1365
-606
328
-483
-682
441
283
-366
-339
287
-387
-849
125
-110
-377
92
382
-160
-193
684
320
-201
570
1280
825
420
946
327
-177
848
712
467
925
953
437
463
1134
838
389
540
573
534
-380
-113
1175
304
-130
337
465
221
-18
995
1203
-265
-925
245
737
138
1048
818
-461
-181
448
-427
-638
981
542
-298
