-1574
-1505
-1070
-1031
-586
-606
-2521
-1898
-195
184
-832
-1904
-3437
-4319
-2736
-1432
-894
-2178
-2859
-1425
-1836
-1152
-185
-1378
-2631
-2664
-1573
-312
-326
474
-414
-3992
-3328
-1086
-250
385
-976
-1219
-1148
-1681
-1138
-3025
297
1035
-2783
-1821
-2680
-3617
-2943
-1368
-2859
-5085
-4438
-5508
-4804
-1564
-1346
-3281
-2945
-973
-529
-1592
-1783
-1612
-2439
-1423
-588
-1880
-1412
-472
-773
-1638
510
968
-2264
-82
177
-1906
-782
-285
-2259
-2349
295
-1011
-1298
-494
-1742
-1014
-522
168
312
-432
-18
-336
775
-307
-1560
420
1528
2
-1319
-232
-2296
-3875
-3648
-2215
-1399
-3230
-1695
1537
3226
3825
1055
-3128
3143
5252
-531
-1269
-1601
1755
4675
5214
3206
-274
794
2976
1100
4384
5427
1253
2484
1049
-760
743
3804
1981
-1181
892
692
-1304
2768
4537
-1282
768
3351
-2397
-1080
2886
-182
-3239
1161
2979
-3138
-404
2604
-1523
-1910
1276
-3
-2369
1836
2316
-69
978
936
-958
-1452
1451
1735
217
1538
3072
928
132
3385
1577
-1377
2193
4099
-467
1049
4109
379
-824
2830
2181
-2090
1126
1348
-3017
-943
897
-730
-348
1195
-1836
-2967
753
-2241
-5701
-2531
-1259
-2581
-2786
-992
-1242
-2072
-3408
-4123
511
2326
-369
-110
1229
-60
120
3486
2364
-72
2341
3040
-38
1420
4336
1242
2587
4287
2569
1750
3189
3402
120
2023
1887
755
1344
1542
1341
233
1964
2785
1858
339
1093
2136
-449
280
2229
-573
-109
438
-1521
-657
246
-530
-3081
-3408
-3312
-4789
-3741
-353
-1055
-3227
2723
4637
-344
546
3264
744
-1359
4836
5200
772
4898
5716
1595
2813
4866
1609
1784
6130
2828
-599
4562
3217
-2631
-215
2958
-2224
-2871
2067
-2596
-2683
3447
-445
-3829
1055
-140
-6097
-1576
2972
-3318
-1921
2329
-1707
-3223
2504
1949
-3612
1074
1629
-3250
-1061
3417
-1304
-3565
2455
1042
-2286
-239
3224
-387
-1446
2710
-1883
-2471
1786
1148
-1251
-1314
-397
-2687
-1712
-8
-2156
-1841
816
-502
-3341
-626
-1906
-3893
-559
-389
-2022
-2352
-1173
-4077
-4138
-239
-1706
-2654
-360
-3106
-5558
-45
-1131
-4759
-260
-1422
-7050
-4213
-1309
-4224
-599
2927
-2541
-3238
1042
-380
-3490
1051
1761
-2862
1977
5119
287
-2436
1907
1202
-818
2708
1007
-1127
-1050
634
-239
-2227
307
1374
-1617
-1663
1852
177
-2600
1041
2403
-663
-1113
2455
355
-1545
2354
244
-310
2237
1403
-172
447
-2450
-6480
-4391
-3269
-2249
481
1734
-1404
-2295
1822
-893
-1735
2267
-49
-2965
1305
4416
277
2112
3984
526
1318
3113
1137
-165
3797
2478
-124
1499
418
-1733
-1741
-1266
-3553
-2503
1137
415
-2255
43
1682
-1868
-267
2373
-442
444
1743
-20
-206
979
2636
1784
-139
-779
937
-678
-1315
2429
376
-1630
239
1039
-3293
-2212
3385
-1430
-3926
1524
2006
-2786
-549
1672
-3001
-1027
4400
-14
-3316
2197
1319
-2925
720
3485
-989
-543
2569
-1288
-688
4860
-61
-3229
4359
3003
-3420
1624
2524
-5533
382
6207
-2310
-3569
5120
2241
-4289
2510
1638
-5773
-2618
1015
-1406
-1285
1948
-1087
-3449
1592
2373
-1555
-1387
504
-612
-241
2093
-752
-473
1775
362
855
940
530
-180
-1108
-939
375
2009
360
-2269
-571
-423
-1429
-397
-675
-552
-814
-1120
-853
-680
-629
-730
285
-431
-550
-161
-45
1964
-241
-358
739
-3148
-3782
-1875
532
127
139
2428
1225
3932
4322
-102
-1007
1915
3339
414
2959
3116
926
4121
4069
1395
1616
3495
3566
3891
4361
4701
3124
1710
1668
3614
2450
-1159
2085
1412
-581
961
2405
-104
-148
2626
-989
-2182
1625
1631
-3824
-466
2155
-2920
739
2738
-2955
-1808
3420
-981
-2545
3586
-672
-2395
5109
2701
-4864
838
4005
-3119
744
4651
-162
-524
4074
1685
-1701
3131
2656
-2336
947
2771
-2097
-582
2115
-1593
-2432
210
-1006
-662
236
-1583
-1772
-1435
-913
-862
-2085
-1579
-2016
-1824
47
125
-1891
-2346
-814
-444
-32
-1108
-2962
-4263
-4062
157
3808
616
-1654
-849
62
-242
210
297
-1765
777
865
-1073
-423
1020
1085
-1022
2106
2424
-1545
-1111
1665
900
-2976
294
353
-2633
261
711
-1793
-1614
2021
-1691
-2788
1886
-859
-2731
-1015
347
-4362
-2198
3144
-642
-1663
-1208
39
-5164
-5646
-1329
-3817
-1276
-877
-4729
-2966
2871
3007
-749
-725
-589
-1568
-2099
-46
1466
719
187
2132
1111
-2668
1508
2189
-953
2039
5074
-17
-1769
2791
-876
-3247
2631
2193
-3310
1922
3513
-3448
-2053
3144
-2105
-4777
1695
-1727
-4638
-532
-497
-2207
1348
1889
-3223
-236
3700
-1118
-2763
2801
554
-3181
2321
4642
-1850
949
6963
-147
-1403
3642
1570
-2062
2971
3910
-2964
222
3470
-747
-3196
1740
2421
-2638
421
1363
-2122
-1715
1938
874
-1468
394
441
-1541
-1424
646
-1215
-1923
458
-140
-2561
338
1064
-2109
295
1712
1133
-212
771
1504
576
710
-313
-2671
-3267
-1045
610
2880
23
-2314
-1446
-1333
848
-1496
-1251
1101
-1039
-873
350
-5
-2508
-1311
1190
-129
12
-1063
-2940
-1587
827
676
-2020
-1853
-60
-1685
-1700
-442
-1125
-1772
-491
-424
-3432
-697
128
-2396
-1585
-1055
-893
-2881
-426
245
-1803
-720
-3906
-5110
-5167
-4093
-1339
-1853
1360
3672
1114
-563
-1582
326
3076
-110
-316
995
621
2462
330
363
2680
890
-83
668
1537
2380
2019
1092
604
1160
1878
-1
-1053
809
1209
3312
3122
1600
2369
2093
1208
-626
2266
3541
1902
776
2029
3117
24
1910
3071
1047
1266
2969
2497
1126
2894
3789
2190
1990
3307
3001
2123
2536
2883
2314
2033
2389
1367
-155
1249
1968
1262
753
747
-411
450
2397
1661
1533
662
2313
1558
180
1057
2340
4330
2517
1136
418
1600
2407
769
997
395
-34
1260
376
308
96
-159
986
-588
-29
461
-1719
-2340
-2333
-100
1237
-1020
-2200
-1767
-42
255
-791
-654
-1610
-2130
-686
131
-791
717
1451
223
1402
994
-100
113
1307
1432
-30
462
590
-750
-664
-682
-1064
-1436
-2047
-2563
-2292
-930
-1255
-1796
-1603
-2258
-1311
-985
-2486
-2618
-1750
-3196
-5262
-3532
-5080
-4305
-566
-2075
-1200
668
531
-489
-2270
-2020
447
-525
-1258
401
5
29
-486
-1057
-150
51
644
639
284
-164
-665
-170
-885
-10
-1102
-3559
-2648
-1027
-770
-2424
-1638
-1547
848
1133
-3040
-2171
-1236
-600
-436
-920
-219
321
-843
-2747
-1798
-237
-2035
-3116
-533
-38
-1181
-2024
-918
-43
-360
999
-177
-301
517
429
791
77
410
982
1125
1015
-341
-496
199
600
1842
71
-446
-380
-998
-395
-1890
-1041
-412
-1963
-2995
-1455
-677
-660
-1199
-1615
-343
-2403
-1632
-337
-970
-1716
-1953
-2037
-3414
-1088
-938
-1563
-708
-2325
-3941
-3446
-1501
272
1651
162
-847
-528
516
920
141
1142
1272
1597
702
30
2814
2305
1266
2746
2182
2252
2516
1203
1904
1902
1801
2244
1278
1531
1963
2575
1360
423
2415
1866
704
-383
31
2421
1224
1634
681
143
2166
2229
3741
1220
-85
734
86
504
-153
2302
4848
3393
572
1546
2913
1964
1905
1960
2046
509
2089
3038
1975
2808
2884
3199
2523
2068
3557
3764
2242
1358
1046
1173
953
1194
1370
1715
1801
771
1641
784
335
1479
696
824
15
-1528
-772
168
843
131
-403
-67
-189
1339
397
-1145
-121
319
-273
-1974
-1450
-101
864
993
-873
-1839
-809
1560
1031
-789
-1403
-1181
835
795
-390
294
1115
-224
-710
-181
-431
-519
-1644
-1587
-498
-279
-1815
-2837
-2562
-2192
-2237
-1188
-416
-2129
-1936
-2216
-1710
-1329
-434
-431
-2798
-728
-1709
-1281
-280
-1249
-1264
-1536
-909
-1134
-369
-1052
-503
-1147
-1033
-351
-795
65
-731
-1160
-1723
660
950
-247
-187
-1670
-785
-672
-56
-262
-847
-456
-1190
-899
-2066
-1931
-1865
-2215
-966
-1081
-897
-1620
-1336
-870
-492
248
249
829
-943
-664
-919
-678
729
-543
1952
-869
-5023
-4619
-2836
86
-1338
-1494
-290
882
-527
-1137
286
1074
1905
-1301
-670
532
1788
1669
-1089
-108
999
1605
935
1301
838
1494
2531
1971
1942
431
1425
672
-16
469
-1017
-782
543
769
-453
-478
-241
772
1216
149
-1665
-2404
166
2361
2177
-1196
-1756
298
895
642
9
938
942
173
100
316
1102
2025
1702
807
-52
254
-114
600
1830
279
440
964
551
514
750
677
501
57
922
1032
1277
1658
505
1467
1473
1696
175
-1807
-1691
37
1671
503
357
-90
350
838
-8
56
478
406
266
-472
-1053
126
-451
-772
-291
-384
-1113
-3102
-3241
-1745
-643
554
61
-1267
-975
-216
59
-1143
-1050
-787
-580
39
-491
-525
-154
-485
-888
-202
24
-321
-728
-826
208
126
-753
-149
-72
98
-238
925
1683
-167
535
174
-168
487
176
585
1288
71
-618
119
-839
-2153
-1542
-153
-1742
-2853
-220
3438
2690
-1643
-3138
-592
1985
643
-1279
-1272
-1227
-428
163
1128
1610
-667
1235
1981
135
33
-218
968
-431
40
49
-584
1391
327
99
-521
-791
-87
-1365
-1176
191
-395
-505
-111
-456
896
145
-855
-1873
-2508
148
-1202
-1691
-597
-38
929
-255
610
1580
292
161
-88
490
2120
259
-126
-933
-640
-370
-493
683
-445
-483
-1341
-975
-724
-1102
407
634
510
408
-1529
-724
437
405
1251
501
931
795
25
734
45
-981
176
-330
136
-461
-1560
476
-151
332
199
-601
404
-132
211
1320
-407
542
1329
753
1378
-718
444
1101
2134
2040
-303
930
1614
2661
2763
2163
3173
2850
2804
3991
2683
1370
440
-33
2089
2690
1441
1130
437
2466
3458
1975
2574
1016
1939
1404
1198
2318
1199
1722
892
2037
1797
1548
1735
910
492
-1448
-1083
-908
-1584
-947
103
892
2441
2405
780
938
2161
3158
1894
546
2252
3039
2260
1947
1294
2102
3462
2325
2585
2531
1094
729
-173
522
481
-92
646
41
-633
-719
-1159
-1538
-1123
-839
-2039
-2675
-3232
-3362
-2986
-3898
-2840
-2931
-2299
-299
-2222
-3672
-4063
-3365
-2220
-1995
-2778
-2819
-1941
-1351
-987
-1329
-1281
-971
-1288
-819
-288
-1422
-878
-73
-1071
-2030
-2123
-2382
-1570
-931
-2546
-2025
-1759
-2756
-2743
-2993
-2553
-1658
-1972
-2249
-1189
-272
-586
-2526
-2969
-2348
-454
-1093
-2942
-1149
-1962
-2169
-1563
-1272
-745
-1328
-2009
-1471
-364
-536
-1199
-1284
-730
-449
-216
-1694
-971
-245
-199
1330
711
784
-1034
-712
804
-736
-1202
-2072
129
2245
842
333
328
203
775
-670
-725
-395
-1405
-930
-1196
-281
14
-2
-558
-779
69
645
295
-1055
558
-250
-579
1290
471
1185
-597
-606
-1083
-3548
-3150
-2867
1135
341
-1436
327
832
1491
133
4
438
744
1097
315
418
1125
2118
3297
1252
2090
2527
577
2522
887
1176
1352
615
1062
1687
1192
-1011
64
162
2152
1287
-157
-415
-320
1202
-155
-682
-286
37
-163
331
-213
50
654
439
758
234
526
1421
831
633
488
90
824
-60
322
535
1023
1040
260
159
81
1413
334
928
752
-706
1210
948
1304
2493
815
699
1006
1875
2043
1310
2154
2739
3136
2458
2981
3705
3220
2147
2052
2991
2095
1932
1122
1759
2727
838
-248
581
660
212
1041
188
844
-150
-1382
-592
-1182
-619
-1549
-2749
-2301
-174
1322
561
654
-1069
-1473
299
-232
1261
1100
101
524
-582
-130
-1048
-241
1184
476
63
-193
272
-18
383
-76
181
580
162
842
234
774
313
-470
-329
-536
1203
421
-102
138
829
347
-3118
-3735
-3913
-2633
-2448
-3366
-980
-1191
-1041
126
970
570
-1203
-1259
-592
3
-277
1124
2165
1562
792
-200
980
2057
1572
919
-49
-767
-2087
-1553
-191
-1229
-933
-2045
-2740
-1350
-1287
-1281
-967
-1947
-3407
-3245
-2541
-364
-503
-1886
-1725
-427
55
-376
-82
-506
718
-10
629
842
-177
1429
1838
1952
450
380
1970
2243
995
431
893
954
1074
691
901
1645
1347
306
392
1283
1665
1885
2446
1990
1383
816
639
1222
274
-168
176
561
99
-1099
509
996
-61
-643
-2450
-1934
-2033
-1943
318
-1052
-1670
-2736
-2350
-945
-2246
-1675
-1366
-1545
-2634
-612
-335
-1156
-856
-960
2024
670
475
320
1394
2947
1479
2579
1007
1007
1965
766
1047
851
415
-103
-330
741
1126
-499
-1368
-830
188
-903
-2715
-2445
-2244
-2178
-2677
-3062
-2111
-1614
-1910
-1941
-2177
-1430
-673
-82
-1307
-2538
-1825
-4208
-4662
-3617
-2679
-1223
-3409
-2454
1173
1242
1
-149
1495
902
-108
754
1450
2209
1454
803
2816
4120
1473
579
1447
1520
1990
1252
-899
699
328
-1689
-1294
-2225
-1236
-1583
-824
-642
-1847
-1693
-1750
-396
26
-854
-598
-223
-1199
-410
-312
446
1303
1020
782
-968
-1379
-172
1027
1733
1276
553
404
805
1859
717
1085
1591
1403
1337
138
882
640
-382
-71
455
788
856
-558
173
1245
-325
323
1586
1205
119
311
-862
-1205
231
-154
431
262
-412
90
771
-154
-870
-350
-358
-178
-843
-538
549
-293
-369
188
238
-92
-245
-35
-886
392
1379
-93
946
593
-380
2044
1822
1468
1434
410
1271
824
1729
1048
579
1026
383
1371
20
749
661
249
-70
-1584
906
809
-22
462
-875
-1009
67
-561
54
658
-592
-337
288
609
1076
1402
742
555
-957
-28
-476
-1394
1213
876
1169
-382
-404
2996
4191
2199
55
651
2758
3207
834
994
246
1258
4202
2424
2470
3275
1655
1425
1858
2215
1800
1333
514
443
388
243
207
-174
877
-67
77
692
1329
330
-615
1791
314
-973
373
49
-1747
144
1049
-792
-22
-507
-1185
-943
-802
-909
-1418
-1578
-265
-1451
-901
-45
-3062
-1686
-1358
-1962
-2273
-2491
-2281
-2517
-1046
-1811
-3681
-1991
931
-1363
-2830
-677
-1442
-3772
-2204
-856
-775
-264
607
-750
-2463
361
-3118
-3927
584
-1593
-2313
-1260
-348
-1917
-1935
769
-2104
-1758
-1029
-2898
-2712
-2758
-2830
-3614
-375
1367
-2578
-1387
1740
-1185
-1946
2005
618
-1914
984
1375
-1756
1377
3862
-1620
-2035
1939
-20
-148
3190
247
-1355
2040
1741
-785
805
3221
-1669
-246
4755
-233
-1590
2684
-10
-4305
2197
1983
-4092
-174
1470
-2461
-3171
1785
867
-3396
-1456
-2003
-3885
-3713
-1355
-724
-3266
-862
-1748
-3880
2552
3645
-780
-1725
221
1577
-1056
977
2058
-388
2046
3280
319
464
3870
2483
1307
4744
5067
2811
3459
2176
525
4663
3499
-1193
1995
3504
1240
765
2896
1960
405
2380
134
183
1340
393
573
2124
1882
-407
1305
1043
-72
1436
3225
-194
-1631
3061
958
-1278
824
1121
-566
639
1731
-112
155
2160
-560
-1384
2505
2038
-247
756
2762
855
177
1896
1886
-659
959
3485
1456
723
2262
721
-344
3080
1788
-1273
-980
806
-1331
-3449
640
1675
-1873
-1439
1159
-2378
-2300
2256
-325
-2287
2121
-780
-8399
-3284
1817
-2314
-1019
2941
-2622
-4301
3613
943
-3502
3550
2885
-3288
1056
4634
-850
-1078
3040
-1745
-2069
4307
1095
-4221
-143
2622
-1743
-537
1683
-4228
-4395
2239
-1533
-4249
1101
-1454
-6354
-2282
53
-6458
-3930
925
-4818
-6170
-34
-2276
-8298
-3926
-216
-7084
-9069
-3310
-4825
-6873
-4021
-2093
-2483
2158
2331
-4502
-2556
1288
-1145
-2985
1286
2346
-175
258
1681
1087
-192
1685
17
-91
1439
-920
367
1402
443
91
191
-194
-676
-4
-1138
-1733
994
811
-1974
-767
-127
-2842
-2381
-61
-2335
-1570
2355
-586
-1558
3888
3170
-432
2291
2872
-154
2255
6127
4214
1235
4831
4700
1503
3696
2522
89
1520
3230
1842
3095
2923
2458
4338
1035
-497
2630
2702
652
2260
2478
-1085
1335
6255
2296
292
4285
1234
-1449
2757
2693
-1326
13
2752
-632
-538
2429
-395
-1480
2477
1436
-1221
2140
1851
152
2651
3492
541
176
2648
1280
456
2267
813
308
3425
1863
-1522
411
3416
1424
369
2454
1330
200
2212
2221
-2269
322
3684
-1832
-1441
2437
-233
-3265
-436
1602
-3032
-1162
2602
-2716
-4016
830
618
-5292
-806
3010
-3348
-2842
1857
1214
-4992
653
4568
-5536
-3849
58
-5727
-5063
3345
398
-6251
-1194
697
-3993
-345
5096
-2017
-1437
5344
-64
-1543
5997
3863
-4212
1166
5567
33
-246
3897
653
-2336
2419
498
-4584
-649
2031
-3612
-1194
2311
-3374
-3836
301
-1262
-4854
-1726
-1492
-5743
-2932
620
-3599
-4134
-461
-4561
-4859
-365
-3725
-5062
-2424
-822
-4154
-4365
-828
-2801
-2984
-2364
-1258
-1344
-1954
-1539
117
-802
-3388
-879
-995
-4406
-1927
433
-3268
-2525
-785
-2644
-392
3292
891
-2861
393
2433
-1617
1099
5326
501
43
4212
1590
-987
1553
368
-3534
-974
1037
-1000
-662
2041
-1274
-5798
-3282
-1509
-1171
151
693
-2402
-3441
1007
1289
-1136
815
1160
-2705
-484
3343
612
849
4050
1912
-1424
84
1815
844
1318
2846
1821
621
1541
3375
1541
-888
3599
5106
-17
644
4247
721
-873
4538
2254
-2568
2118
3195
-1562
770
3514
-754
-175
3815
465
-2834
2940
2198
-3906
1508
3099
-5134
-5135
244
-3711
-2414
4701
844
-3538
1452
5132
-1502
621
5413
1389
3711
7415
2038
-530
5392
5726
-633
2521
7323
92
702
5957
3557
-2241
1792
4361
-1801
2040
3395
-173
-1232
1577
2363
-745
1946
2915
-2408
-2002
2336
792
-1317
66
1769
-936
-351
3334
-1143
-2160
614
137
-64
1159
211
-2088
1171
878
-1053
590
1366
-829
-1761
1895
1164
-1343
1417
1040
-1699
-889
40
730
-86
214
-734
-1455
-595
-1619
-215
623
289
-558
-1137
271
-657
-826
-323
-1481
-3289
-3207
-1491
-3000
-1133
-1288
-3967
-4940
-5046
-4124
-5240
-2277
-1549
-2784
-1979
40
1229
-1170
-479
200
-1
875
1270
1390
2337
4947
4977
1113
712
3785
2492
588
3042
3941
1812
1578
3088
1722
205
2043
2097
467
536
788
-110
1117
3116
701
-552
482
-935
-580
337
-1201
-1541
561
86
-1571
-238
-570
-3222
-2689
1020
-1395
-4610
-3294
-4166
-4166
-2526
-1505
-3649
-3268
-1362
-1543
-1300
-1408
839
-1140
-3567
677
2010
310
1952
577
-594
-214
-1653
-426
-858
-1322
-1080
-153
365
-564
-1271
-3248
-2690
-2124
-2980
-1629
-1801
-2281
-1328
-2360
-2513
-1320
-1688
-3154
-2711
-1652
-1844
-2197
-706
-1211
-1554
-179
-1153
-71
-478
-1160
-128
326
-729
-939
1325
1137
-849
-874
1222
1207
-119
386
685
87
1187
1609
30
-249
1111
1132
1425
1967
528
424
2027
1037
-390
1060
1468
925
-177
173
1046
319
-155
273
-603
-2649
422
406
-2318
-2368
-2646
-1519
-1449
941
1079
-1993
-1478
-459
404
-58
-102
1072
137
62
1033
1595
1176
1080
2090
1070
1770
2300
2078
2657
2538
2635
2655
2709
2112
656
2450
2905
-123
1522
2771
2299
-593
-548
1939
-337
635
1588
-257
-529
1981
3318
1507
1580
1322
2002
1190
342
1788
-1048
488
1826
134
-2055
-4106
-1089
510
878
-539
1495
2759
1071
553
1529
3339
-42
1634
2985
1861
698
119
2110
1394
3521
3273
1672
549
1423
2164
-500
1581
1468
-296
-478
-2064
-2504
-576
195
-985
-2004
-1309
1467
301
-926
856
350
-1203
-1183
-149
-1459
-623
1172
-1990
-1242
1408
71
-1854
-1826
861
1085
72
561
1159
1230
1221
13
-1758
77
1443
357
1446
1622
34
273
1116
1305
243
652
310
-1084
-660
1730
1857
-947
83
1574
370
-1259
810
1043
-1211
-1879
-1143
-1261
-3241
-1144
-1386
-2583
-2759
-2931
-3237
-4053
-1055
-1647
-3518
-2192
-1894
-1406
-2334
-1565
-1628
-2927
-1142
-1688
-1457
-769
188
-119
-1717
439
-167
-1650
-1386
-258
-377
-1124
868
1789
788
-109
191
-98
372
-225
-307
700
113
-547
450
1061
-1060
-258
-362
-555
-524
263
1739
-372
-597
-265
23
372
997
891
-769
491
340
-2565
-3065
-1119
527
-1263
-1265
1653
689
410
836
-60
-613
-1753
1209
2712
807
2726
3499
2723
1622
1959
3309
2183
2689
2675
2344
2525
1450
650
57
633
696
475
-263
-2462
-662
1700
-180
-568
-94
-610
-1852
-2036
750
118
-2504
-1707
-1016
-648
-926
-781
-515
-2377
-1103
-878
-701
341
-848
-757
216
1563
-1171
-2229
73
-450
169
1145
385
-1549
-1022
387
-661
-891
-1456
-1008
-845
-2194
-1020
-365
-1230
-2395
-1569
138
-928
-1578
-716
464
-945
-2089
-3099
-4090
-1053
-1693
-3077
-2434
-2815
-3041
-3819
-4005
-3748
-3213
-2442
-2652
-1378
-1106
-2877
-1446
396
742
32
537
1490
1170
1471
2757
1780
944
3436
1451
139
2101
2356
1329
1332
3010
1979
921
2017
2710
1534
1962
1370
1078
2554
1808
2372
1273
1114
2838
-409
-1446
1497
568
-148
1584
2133
-234
-655
1566
499
662
562
-654
-817
-896
-499
3
1458
-868
-1962
1659
3998
3260
1208
2740
2753
2247
2495
2779
2389
1906
5132
4145
2275
2315
3627
3293
2905
4105
3213
2109
1283
2510
2602
389
-1316
-613
-888
-1260
-1348
-1776
-1687
-1361
-1541
-3338
-2053
-1184
-2857
-2559
-2127
-3544
-3659
-3343
-1093
821
-1248
-662
-668
-1961
10
963
7
428
919
-370
-806
180
476
189
509
220
-395
-466
-54
-161
-1057
-623
-748
-1617
-685
-876
-2334
-1891
-1603
-1318
-1874
-2183
-1146
-681
50
-1053
-2441
-1588
387
-1806
-4480
-2141
-1021
-2429
-2299
-793
-1378
-1787
-2171
-2375
-966
-385
-546
-1880
-1356
655
1198
365
-507
607
-244
-580
1481
756
422
1128
969
924
-60
-593
139
871
249
-600
907
892
-256
-791
217
1503
-629
-73
1369
-309
439
1319
360
582
1073
1907
732
-43
1419
1317
2396
2163
627
2540
4012
2597
1974
3586
3602
1023
565
2247
3506
2963
945
501
2163
5545
6029
4728
4044
2006
2557
3017
4083
4188
2970
2562
482
1316
3611
2700
659
1499
2114
1398
836
514
798
231
-740
-1181
-2596
-2775
-1584
-1360
-1040
-1260
-1724
-1711
-184
71
-998
-1033
-2102
-2417
-908
-439
-1621
-2120
-717
-945
-1308
-190
44
-162
-874
476
751
-397
328
-1135
-125
218
-811
-406
-2884
-2841
-975
-1438
-3119
-1812
-202
-1873
-2182
-1799
-1726
-2697
-2729
-1226
-17
357
-419
-746
-97
2131
611
-2879
-2422
-1190
-888
-508
-575
-2094
-2809
-2548
-3232
-4212
-3567
-1800
-2397
-2097
-2362
-2999
-1196
-1548
-997
-419
-1108
-615
-322
-1519
-1832
-48
-108
-868
-357
-1004
-1465
-131
1278
1775
446
-897
-307
1122
2322
365
-692
583
176
950
496
730
697
-1012
16
-75
-772
384
177
-1071
-306
1081
238
-376
1070
921
166
373
1656
398
-478
1293
-1105
-2164
-1237
-174
1298
-1436
-3921
-1737
1856
4277
1850
-368
2476
1778
932
1275
1548
2767
1844
2576
2240
1619
2464
2601
1564
952
2222
903
291
1157
212
-888
-1360
-488
31
-1214
-1914
-1346
-984
173
-913
-2046
-533
-1018
-1026
-1638
-2329
-979
-406
-863
-1923
-3372
-1760
-939
-2192
-219
-59
-1104
-684
-806
-1396
-1765
-1578
383
523
-1192
-400
-435
399
698
-801
-1230
-417
480
-631
-557
-311
-200
-65
-66
-403
-1002
-92
1232
2547
1866
465
531
1262
172
-172
680
-974
-680
111
-985
-2097
-2620
-591
-1494
-3286
-456
195
-1385
-1802
-773
904
987
524
103
1520
2730
1838
1769
2005
3336
2110
917
2713
1764
2840
3554
1825
1446
1179
3059
3578
2374
2439
2635
2165
985
1766
1876
1270
2037
1047
569
312
333
704
-84
403
181
75
216
383
1358
1478
1824
837
330
1445
1115
792
371
-36
-1330
-1207
-98
-843
-642
817
2668
3104
803
180
3037
3395
671
-579
2116
3346
1675
1589
2639
3573
4463
2534
1085
1703
774
2003
2152
813
353
405
-95
-505
243
-893
-1232
-1607
-935
-349
-281
-773
-1623
-912
-2054
-1191
-1734
-2104
-1484
-1183
-923
-1634
-833
-2132
-956
-1791
-2952
-1467
-1730
-935
-1641
-1305
-1482
-2579
-2172
-1064
-555
-1808
-591
175
-855
-1446
-326
-450
-968
-908
-781
-428
-2758
-982
-698
-2534
-1367
-746
341
-444
-1508
-1513
-888
-1388
-1941
-861
-559
-451
-2190
-1283
-854
-3202
-2063
-2504
-1913
-1867
-2903
-1283
-2949
-2216
705
787
-189
-1543
-1769
-439
317
-649
-199
-921
-770
-403
-1822
-1916
-2119
-1061
-573
-2226
-2284
-1344
-1539
-2134
-2014
-879
-872
-3043
-3122
-477
-1371
-206
2174
-703
-610
360
32
1488
1345
806
1362
1755
1620
2559
3126
2766
2990
2251
3537
4117
2211
2017
2490
2079
-537
-2082
-1775
372
2599
1134
1003
3132
3595
2051
189
-858
-732
-446
-145
566
1525
1319
873
1487
2021
1692
-448
-1192
666
3078
2998
707
46
-28
-1485
-1476
-239
-894
-694
-50
1129
2682
1238
-40
-522
-1135
-530
1482
852
-377
881
-522
-278
210
-205
-79
-435
368
-518
-417
103
-432
-321
-380
32
1101
931
-183
-195
363
1257
1758
1425
1051
887
363
388
893
1116
985
340
20
996
2752
2830
2988
2301
-23
858
1740
1997
2105
709
1477
1391
1607
1736
1472
1598
1393
2342
1440
436
904
1860
1429
1120
1241
1350
968
46
1356
1124
506
834
486
35
-612
-839
-554
156
334
-451
-789
-509
-666
237
-215
-1220
-754
-1436
-1213
-536
561
196
-2109
-2120
-755
-828
-1969
-3073
-2289
-807
-2340
-3055
-2810
-2158
-1362
-2225
-2019
-1628
-2174
-2030
-2233
-1411
-23
-709
-2838
-4169
-4240
-4812
-4163
-3518
-2964
-3642
-5345
-2283
1016
187
-1790
-2742
-1611
-438
-579
-583
374
405
1836
2966
1989
1134
-341
968
1984
2478
2992
2059
995
-451
-36
-427
647
1166
-186
-12
-301
-447
168
315
510
859
192
-48
-1182
-1241
-790
-1049
-1653
-2484
-995
-400
-1778
-1774
-1246
-1139
-174
-1254
-2438
-1304
-924
331
186
-1895
-334
269
-193
1200
1868
1468
-465
-640
654
1666
908
108
1691
706
215
2498
3851
3307
1295
-169
978
1600
682
1079
1451
1170
1128
1074
670
-460
-1234
95
1361
795
-496
730
1253
521
1537
1112
1083
1254
950
1604
1504
533
652
871
816
1009
1245
106
-652
938
1232
1490
1052
-168
-141
609
766
429
-276
-690
100
-451
-669
-193
-146
852
218
-1868
-3113
-2359
157
877
148
-437
-802
-980
-1367
-1205
-38
957
-565
-2066
-1099
-83
-154
-850
-623
-618
-825
-1727
-2884
-1821
-3340
-3793
-2152
-431
1736
-582
-2068
-1996
-593
2163
2161
1045
-260
365
1722
1951
1657
1427
994
-607
-797
892
709
1241
572
-1026
557
-501
-1568
-1424
-1361
-483
-114
386
857
1321
1305
12
-987
363
434
198
124
81
878
499
531
1445
1611
-311
-941
154
-239
-734
239
944
-95
-1000
-767
522
1332
1297
2354
1489
206
-89
-769
-670
-146
533
-331
-191
-571
-852
-279
996
2944
2369
845
-678
112
1344
1782
542
141
847
1053
411
-818
-299
-938
-1088
-626
96
179
465
-234
-832
680
802
1707
1113
-325
329
245
525
872
333
504
325
-354
-909
-406
-124
-181
-280
-63
936
499
1054
1166
582
1111
747
762
1462
317
350
1260
102
720
616
452
102
-335
612
1337
1616
163
461
1143
1449
1379
455
634
652
200
443
194
365
-1067
-3518
-2950
-2867
-1874
-2285
-4152
-2529
-684
1158
1515
127
-836
-644
-464
-591
-679
-1528
-1312
146
1924
705
-889
-1367
-795
2338
2609
280
-259
159
330
-1298
-2580
-1876
-1841
-730
-1340
-1330
-548
-348
754
162
-268
-522
-253
-946
-1304
-1172
-307
1471
-331
-759
695
953
88
-377
293
-242
313
-204
-999
-370
-590
-434
371
869
680
325
98
-113
156
512
422
1483
1937
1087
-148
-698
-30
1331
1450
744
2919
3004
2714
1502
-770
-211
-254
-296
625
1535
835
489
-710
-1802
-155
-378
-2160
-2128
-2410
-2239
-1653
-2869
-1721
-509
-819
-1129
-1853
-1120
-1189
-1175
-1240
-1502
-806
-1363
-1629
-1950
-3058
-2438
-1567
-1426
-529
-1045
-2088
-1561
-873
-806
-886
-1705
-1515
-284
-101
-612
-1509
-773
-110
441
-6
-305
-572
-1842
-479
143
620
1017
510
663
430
208
1074
1829
726
-504
-94
669
218
-1407
-3315
-1644
-1399
-3594
-2051
748
2500
1719
-413
-838
420
850
778
588
492
2030
2467
1891
1630
1958
2485
2194
1724
2189
1955
1523
1730
2098
3177
2759
1759
1651
1179
1184
1431
1957
2307
1053
750
1340
1740
1167
1001
1254
465
1084
2089
2532
607
374
2313
861
525
384
1440
2608
-195
-1763
-591
200
553
1338
726
484
764
785
-730
-2056
-1003
528
342
-383
1164
68
-1520
-2129
-997
31
-1229
-916
-393
987
66
-1551
-845
-257
-692
-427
-1118
-2122
-2122
-2532
-565
-251
-1098
-1309
-1109
-562
-560
126
-342
135
1131
866
1763
1589
179
-33
408
1287
924
420
723
2111
2050
144
685
296
-538
-1049
-1026
143
100
-1525
-2235
-1172
-1329
-626
-674
-2001
-1906
-2216
-891
-345
-1409
-1227
-1239
-181
-791
-931
-210
-805
-564
-1432
-400
516
365
534
-297
-225
448
1318
956
-565
-2940
-4678
-2943
-1506
-2277
-911
659
904
1048
-498
788
886
-98
-76
-1509
-144
658
707
744
1320
1449
1703
1600
-186
410
1318
1614
160
-778
524
916
692
-109
-1214
-951
-441
240
520
-587
-298
732
604
165
-626
-1434
-1372
-1232
-162
-1464
-1412
-1009
-2443
-539
-141
-857
-1883
-1505
-800
113
169
-750
897
616
139
98
1158
1036
-108
876
2051
3092
758
-1012
916
2413
2304
311
-799
1742
2163
877
1865
3292
2765
1915
1529
1202
1232
244
614
1314
1804
1282
408
378
-554
706
-138
-820
-58
-740
921
1233
336
375
1149
368
369
976
-17
895
1294
987
1231
1232
-40
-929
-1336
-971
-483
-1264
-520
-1107
-770
560
238
-437
-1113
-981
427
33
-1601
-167
247
468
-102
-95
493
523
764
-243
544
377
954
898
489
106
-815
749
200
-183
-298
343
886
-989
-941
-791
-1219
-1565
-1353
-329
-1516
-1997
-1284
-1227
-617
218
1117
1181
393
315
1693
2327
2320
1990
1674
1104
1280
1513
459
853
-92
-209
61
-84
1046
-211
-902
-949
-1595
-1021
-963
-259
-380
-1744
-1359
-156
-284
-527
-394
-1873
-2592
-1993
-571
-815
-2366
-1640
-104
-1035
-2031
-2412
-3859
-2781
-2209
-2328
-1647
-1154
-1618
-1825
-1304
-1499
-1176
-2821
-1652
-231
-2138
-1607
-1720
-491
603
-1322
-1412
-1905
-2886
-2125
-1281
-307
458
385
-118
-1128
-1385
-1429
-1655
-262
256
422
972
744
-311
-1768
-2123
-885
-671
-2197
-1717
-175
674
289
526
533
379
128
1010
1062
-466
635
887
984
1415
1794
1545
859
1525
1312
880
1655
3196
3064
1720
2173
2118
3243
3032
1525
1614
1436
1652
468
2224
1659
39
2195
971
1142
1185
-238
-168
75
-208
-111
791
-4
557
757
-612
-1036
189
1337
679
1659
2079
-96
-510
-1473
-1755
1186
1941
1211
648
348
1975
3810
2165
1405
2885
3131
3346
3437
4248
3735
3799
3737
3581
3236
2199
3060
1446
316
2194
3494
467
-133
1490
450
-339
-695
-623
-808
-185
-1002
-842
-1147
-1695
85
-1125
-2291
-2005
-1130
-1012
-1894
-1555
-891
-1616
-2278
-807
-1669
-3040
-2178
-924
-1802
-2524
-838
-1843
-1410
-331
-1913
-3753
-2321
-160
-1730
-2539
-1005
-17
-1354
-950
-226
-594
1403
-733
-2837
1507
348
-1775
678
1388
689
-314
992
-291
-1707
1605
2426
-585
-994
190
-2419
-2727
-231
-1571
-4118
-2500
-2543
-3957
-322
2517
-1031
-4232
291
-1201
-3769
694
-1603
-3739
-513
54
-1707
793
1986
-1989
-917
1983
-483
-1883
1795
670
-1261
2277
1243
-1736
538
867
-2796
-798
2615
-1233
-3285
1424
533
-2938
638
1825
-2786
-966
3509
-88
-1542
1943
1906
-662
1391
2793
-12
465
3057
1465
135
3489
1935
-2069
-1632
87
-454
-908
-595
-19
933
1147
376
483
2895
895
-398
618
1936
3317
2399
1367
-206
1141
1349
-467
1950
2297
-659
333
1339
265
-87
712
-713
-769
1933
1324
-1260
-625
382
-1725
800
2298
-1854
-2760
1096
909
-1763
255
1528
-1224
-216
3637
-295
-1861
2904
578
-2050
2132
1877
-2141
1406
3015
-3244
-1918
3694
-478
-4136
1229
1016
-2926
373
2836
-923
-1449
3924
-205
-4105
2557
2795
-2302
-2628
910
-2451
-4377
2912
1344
-2674
1350
2688
-4295
-3814
3576
-1334
-5573
245
-273
-6137
-3479
-466
-5459
-4172
2567
-1713
-4268
1874
-713
-5597
-860
2218
-2648
-672
2974
-2664
-1935
4408
53
-2846
2973
1557
-2301
2403
3198
-2476
1792
4161
-1629
1169
5194
625
-1158
4171
2535
-934
3554
3785
-1689
-22
4963
216
956
6634
1266
-2124
2979
2446
-2199
1559
4610
-28
-617
4051
419
-2087
2981
2776
-2525
-1475
1394
-2614
-1827
3610
935
-2065
1547
1135
-1408
1901
3647
-482
-510
2890
2246
1795
4339
4426
1293
808
2452
2168
1810
2386
1417
-22
825
563
-446
-507
-312
247
-195
-1151
-1820
1415
-169
-4706
-715
1247
-4861
-3166
935
-5147
-4552
1161
-2050
-6042
-1221
-327
-5570
-3788
779
-2060
-3359
2086
-806
-3692
979
239
-2998
-853
3002
-1441
-4286
488
634
-2324
-1533
2227
-368
-1201
2173
-929
-3003
947
1725
-4195
-540
4428
-3156
-2271
3263
-2365
-5015
3810
3308
-6573
-1444
2029
-5632
-3200
2178
-3348
-3732
1527
-3790
-5926
-1323
-2097
-3483
-321
273
-3482
30
2049
-2708
345
3737
-528
-1880
4003
2953
-3125
3019
5989
-641
770
5217
-37
-1426
4687
924
-1503
2464
2048
-852
2285
4129
-618
908
2490
-129
495
2062
-504
-1565
-11
-335
-2455
-1071
-143
-2936
-2200
-20
-184
-2151
-747
-872
-1625
953
-779
-3096
-553
-205
-3617
-3268
-2205
-3320
-822
2340
749
-24
1327
-31
292
1970
614
-35
1490
3051
1625
2674
5089
158
-514
4401
2956
412
2708
3683
-571
-228
4135
349
-2385
2626
1707
-3743
1010
4000
-902
-144
2291
-654
-2128
1508
969
-2330
-1700
194
-1061
-1896
338
-982
-960
1130
621
-213
-569
-699
-718
431
1052
657
1274
1371
692
1313
612
-509
1798
1732
526
2100
1567
30
-388
2139
2765
-1193
-906
2071
-1079
-1454
3591
-301
-2697
1458
595
-1177
3079
4824
-1476
-1057
2494
-1162
-1606
2892
385
-5069
-1162
1863
-3867
-1956
3239
-1216
-2160
2729
2372
-2051
696
1912
-3548
-1130
4662
-140
-2289
2987
411
-2926
1970
4719
-2322
-1758
3055
-2106
-3478
4224
3113
-5237
182
3585
-3712
-1613
4094
-1077
-3220
4442
1849
-4538
2454
3893
-3917
-1059
4277
-1064
-3678
2479
91
-3507
2554
1561
-3260
242
3123
-2395
-1445
4839
-878
-2160
4230
-1444
-8272
-3132
298
-3451
-1853
1254
-2124
-1642
3114
-423
-3221
1684
556
-1676
3773
3971
-1987
35
3533
367
1161
3579
1380
321
2073
3734
-11
-1944
1317
1660
-2366
-2265
-789
-3406
-1754
1587
-1654
-4959
-962
-1162
-5492
-2209
727
-2892
-382
694
-3276
-2120
419
98
-1237
1596
127
-2384
907
980
-612
801
38
-2418
1517
1562
-3901
-125
2563
-2466
-1867
3419
-882
-4337
2150
1112
-3837
665
3157
-1998
-815
4122
835
-1746
1735
-1250
-2002
2998
2934
303
81
605
-1063
-103
530
41
-529
-1670
-2096
-983
-1191
-1526
-488
-724
-190
-93
-2465
-2474
-158
-1237
-959
947
-22
-1307
282
2700
1537
-742
2000
1884
-234
1572
2269
523
884
5619
3850
92
215
-236
-118
3172
2628
-636
767
735
347
258
357
53
79
56
-552
-32
914
515
-572
-228
175
1281
195
439
1231
619
1254
23
859
1955
-56
-730
-1816
-4690
-4540
-1767
126
-350
-1191
-1758
-3356
-2215
-460
-12
470
-207
755
2417
1400
668
1368
2677
4405
3857
2198
923
546
53
776
411
-2275
-2500
-956
-1278
-2934
-1031
-820
-2971
-1895
-1186
-2107
-1661
-1880
-3984
-2967
-1916
-2075
-182
292
1017
473
-1975
-856
-300
-1409
316
707
-1036
586
2721
566
-1366
-1514
-663
-22
-1046
-451
542
-836
-1147
-623
-1766
314
743
-1354
-613
674
1027
-293
1526
3360
1132
277
1480
1018
-618
2024
4363
2462
2179
1251
-354
-1049
-115
509
-9
625
-1288
-3343
-2002
-58
-2603
-1911
1755
1245
-187
-1208
-1226
-1724
-87
-196
-1572
1
230
-339
394
687
-915
-548
257
-1292
-1428
-114
455
-770
-258
1858
-153
-2734
-1464
-15
-202
-179
-401
-1901
-2459
408
541
-3427
-2357
184
523
1201
689
779
1063
2036
2708
2498
4026
3786
2660
2149
3648
6180
3664
2997
3963
1274
-1362
-1527
1530
2592
248
-1249
649
2207
3420
2782
-573
-43
-176
620
2814
1326
1493
2993
2866
1055
1901
2006
634
1405
818
342
-60
-110
-305
-15
-577
-1426
-1052
-427
-1556
-1249
2010
739
-1347
-540
1141
-1137
-2017
540
-856
-1636
539
1424
-1413
-1944
186
-1028
-2490
-1378
305
-509
188
968
-566
-423
-531
-830
-1861
-720
242
-1788
-615
1001
-1157
-2412
-1446
-1302
-1001
-575
-318
-632
-233
-232
-1155
51
-563
-855
732
1642
1111
471
1401
478
-438
152
699
-37
1307
1231
-1343
-320
106
-1423
-2780
-734
433
-867
-54
-210
-722
-563
479
1035
529
296
-300
297
948
1773
2110
1202
1086
886
1115
1212
1028
1419
-118
-691
742
548
41
-286
35
-267
-976
-333
-91
-472
-1097
-98
268
-939
-488
-706
-1394
-1577
-1707
-393
1434
964
-899
-1214
-190
-718
-2150
-1087
401
-1298
-2736
-1334
-2268
-4413
-3843
-3290
-4260
-4660
-2756
-3881
-5851
-3249
-941
855
1533
-13
-720
25
2327
2673
995
1384
1984
2227
2912
1976
880
409
678
672
141
2135
1806
-597
124
141
241
592
96
261
-1228
-700
-355
-677
-359
-810
55
469
375
258
-397
-1138
-1030
-1213
-933
-850
-1173
-1202
-1691
-1363
-67
-120
-1045
-1166
-1570
-721
528
221
-149
-633
-84
461
-162
371
-767
-1241
-705
-54
1202
353
-346
-1436
398
1914
2222
3192
1762
850
1300
2202
1628
1192
1044
2316
2732
524
534
469
-729
-869
526
511
-133
-86
585
1250
827
-483
-1247
317
127
549
1495
1521
1876
2557
3120
1617
1983
2653
1938
1619
1420
665
353
1423
1811
2016
1134
834
944
-1095
-1119
447
-117
-1156
171
182
-647
-576
-777
-915
-1164
-580
-1217
-2158
-1292
-215
-752
-1073
-1769
-1498
-709
-1598
-2297
-2274
-580
-1954
-2405
-1427
-2501
-2918
-3667
-2283
-2732
-3226
-2976
-2761
-991
-76
684
-470
473
509
-582
2177
3280
1930
2294
3414
3568
3502
4025
3659
1475
774
1517
3400
2951
2272
1397
98
295
409
982
-1041
-263
-273
120
2211
1105
923
271
-139
-191
940
778
-58
1207
1000
365
1446
1392
588
1301
1114
-123
412
438
-1113
-512
-644
-882
-553
-1402
-1563
-252
453
-1437
-348
65
-1319
-482
-1228
-401
238
-1226
-266
851
580
247
400
949
1633
1496
-302
-1366
-108
-6
-95
385
-652
-865
-1235
-1024
-1832
-3195
-1967
-2905
-3507
-1543
543
749
-2330
-2277
-249
-996
-1390
-241
-1056
-2102
-579
114
-1320
-2146
-35
390
-51
-1071
-1827
-780
-1009
-36
-44
-388
-798
-1188
-583
-725
-513
722
495
1047
1693
-503
923
2012
285
922
1183
753
1496
1692
1770
1369
498
938
1311
1133
903
1318
1548
432
836
288
-1193
-811
-2349
-2473
-411
158
-1058
-1861
46
-993
-2297
-1734
-460
1010
-1175
-2160
-226
116
361
1050
422
0
-214
1470
2610
1564
492
863
1553
120
-724
-719
-428
-404
-255
-953
-1291
-119
-1131
-1267
-643
-1734
-1084
-321
-488
-304
193
-168
-559
-297
-386
679
-298
-1009
341
1510
1433
-91
-79
-430
-280
-239
-942
-1102
-2561
-3263
-2209
-755
1203
1399
513
-103
255
1055
1178
1983
2180
2571
2808
3065
3107
2616
2587
2820
3260
3589
3697
3367
2926
1184
-359
539
1098
534
-31
-951
-286
159
-662
-1295
-2018
-1225
-553
-321
-383
-783
-840
-1994
-1473
122
-300
-242
401
-442
-1797
-1446
-297
-1077
-1106
-926
-2019
-1347
668
883
-1198
-1318
-78
-151
-587
-701
-251
-50
-190
243
159
38
18
-520
-1219
-1293
188
-406
-643
-317
-1650
-264
-596
-1300
112
-183
-944
-149
740
130
560
-225
-1148
-491
-444
621
-1863
-4326
-2885
-1036
468
-838
-550
989
1039
2144
2255
-5
-2209
-1261
2580
3085
933
2084
3254
3487
3249
3850
4461
2969
2573
2433
2750
1687
1099
1737
1531
2005
2509
2209
1588
1909
940
182
-573
-681
535
92
-222
-259
-97
-267
112
206
706
1482
-434
-148
1008
-169
-340
-307
-954
-104
238
-924
-1267
-837
-730
-1533
-1303
-1363
-1711
-1485
-1539
-712
-473
-1113
263
63
-314
1231
-30
-85
706
611
807
683
-760
-522
1240
-1227
-2044
-2565
-2624
-1212
-2859
-2919
-2322
-2549
-2358
-2651
-2940
-2781
-2019
-852
-56
772
-281
-1956
-1238
-325
-25
725
748
-630
389
1004
340
595
-361
-293
77
-781
-1038
-34
-87
-356
239
-4
531
847
-222
-262
54
-683
-444
889
-279
-1126
-297
-743
-1299
-1044
-214
-703
68
828
335
557
647
1201
1297
1734
552
-319
874
752
611
-263
-385
-286
-1836
-2657
-3050
-2112
-2403
-2029
-617
-395
990
-632
-2803
-2328
-1483
-570
1035
1977
2026
1994
1276
1858
1318
365
802
490
151
1206
1318
933
-487
-739
410
-510
-396
-417
730
1004
393
704
1147
1040
-625
73
479
-146
334
-127
313
974
988
1626
608
94
178
817
800
-29
727
959
-66
-867
629
962
1113
1046
-689
-72
-358
-1210
589
1061
690
-339
-1092
-502
3
1008
770
624
420
552
1012
981
1044
656
254
25
88
-693
-215
757
740
605
-629
-1216
-1266
-929
-841
-1186
-1172
-1179
-348
-105
-507
-1375
-1954
-1290
-760
-545
-419
316
53
-125
605
715
528
-292
537
-99
-1922
-1218
-87
878
682
853
1013
710
896
759
1545
1764
2043
2222
2379
1709
631
1715
1731
1588
1106
269
-114
816
1792
622
752
721
321
244
528
1067
20
-1777
-2617
-1263
79
-1482
-2593
-2671
-2521
-2584
-3230
-2563
-2328
-3122
-2742
113
-70
-2589
-3330
-1087
1001
198
321
109
172
-342
-124
635
694
977
395
-71
-366
1326
1827
763
108
603
457
186
1039
618
782
845
1147
2473
3010
1907
902
787
1035
1738
1372
631
216
481
1172
578
104
-349
504
674
-276
200
902
1259
326
848
533
207
505
-826
-452
544
592
-497
-859
-107
0
-299
-643
-1566
-924
-100
1288
2432
1277
288
-1324
-1030
-143
867
51
673
739
-514
914
-399
-52
664
969
1335
-748
-1552
-1135
-1220
-401
-899
-1701
-1405
-1622
-1370
-1969
-1461
-1810
-1468
1010
444
-668
-410
-16
985
666
685
928
803
1692
1391
1678
494
1097
1600
927
1055
558
935
480
1602
1063
604
544
390
1391
657
-18
560
1342
-218
-749
215
1177
500
-869
-558
-1582
-2562
-2113
-157
912
95
-768
-248
361
-1314
-1217
-12
-766
-1912
-2821
-1623
-733
-1285
858
3614
3185
486
-1016
-859
-572
-951
-1112
631
931
289
-62
244
1081
54
908
1895
-43
-1022
-979
-1610
-2437
-2533
-1525
-1554
-1558
-1991
-2208
-1470
-2397
-2882
-3005
-2623
-2332
-1835
-2229
-3725
-3414
-2726
-1730
-2345
-2436
-1038
-1417
-1482
-1728
-1336
-635
-1078
-1566
-1959
-818
-58
44
-478
-713
330
-108
-237
-62
-327
-20
-585
-343
224
-659
-176
1058
2319
1968
1562
1890
521
289
-380
41
1988
2216
1701
810
554
781
1743
1625
687
1325
1546
1174
628
664
1091
1634
654
389
981
476
821
513
482
362
712
1113
1363
1479
84
505
1150
1464
1926
1339
809
1067
1308
-442
-1164
-363
170
3
-1449
-1372
-1233
-1348
-876
-1262
-318
-1058
-933
-95
-1647
-1794
-904
223
-6
445
788
1299
2167
1097
2120
1848
1173
1955
1651
2647
2079
1122
1003
1605
1818
1325
722
-428
938
1015
1868
1343
-15
397
781
1848
916
1344
747
593
536
153
-836
-1017
659
573
1760
1027
1032
1456
35
-64
1596
2276
453
718
1441
665
206
-1216
-1464
-355
643
1414
862
171
-60
949
650
617
830
16
536
81
366
334
-657
-582
-456
-540
-711
-604
-807
-932
-1355
-1393
-941
-1016
-695
-1365
-1436
-1317
-848
-556
-656
-727
-1742
-970
-248
825
1583
1260
137
-349
1220
786
-259
486
329
509
375
-776
-425
-1240
-1581
-1598
-1484
-1155
-1111
-1575
-3542
-2829
-1933
-1553
-817
-1418
-2703
-2286
-834
-1292
-794
-369
-867
-634
-72
313
892
15
-109
1572
525
28
774
118
907
1591
319
633
549
-17
-292
-54
-553
-1010
275
-307
9
-196
-363
423
63
178
-243
-562
-329
-231
-948
-943
-501
252
1428
-315
-1438
-595
-941
-240
357
2035
2299
-744
-984
-315
143
-851
-2405
-2920
-2648
-1230
123
-423
-1312
-252
-48
769
941
340
831
203
799
1861
1810
2364
2415
1874
1797
1741
1247
1509
818
-972
-1012
-463
-660
-555
294
-237
-270
-440
-64
-350
-2468
-1670
-2757
-2246
-338
-111
-526
-1959
-2041
-2141
-187
376
375
-635
-759
990
642
521
-455
-403
899
2296
1726
736
599
791
1972
2355
1581
3
290
898
958
1556
1849
2410
1408
430
671
1412
185
31
1311
1226
1659
25
-511
413
-447
-2220
-1384
-569
-494
-446
-408
158
-1730
-1504
-344
1477
2101
227
-323
130
1069
1426
1030
1279
1801
1476
1406
1435
2313
1448
743
1301
1312
1278
89
-179
608
58
164
230
-878
-615
-318
-414
-1209
-652
-542
-1046
-736
-1952
-1392
-1289
-1158
-874
-1806
-764
-621
-1841
-2109
-1679
-909
-743
-746
-507
-865
-282
-419
-1074
-1083
-282
-427
-1163
-167
-267
91
-1077
-1709
-1993
-4044
-3402
-1739
-260
-1527
-2562
214
1223
680
70
228
-79
-1477
-327
1383
1449
-561
-457
111
1066
1457
762
960
-409
-583
-1193
-840
-1195
-1618
-1144
-1395
-1086
-1249
-1889
-1634
-620
-284
730
-258
-1235
-1916
-1085
729
1214
1067
-447
103
-20
1535
1991
1365
1985
860
1161
1441
2379
2159
1736
1237
779
1178
-197
41
1119
1996
1809
599
373
499
-436
-433
-64
35
486
1710
3553
3642
2933
1454
848
516
1227
1977
961
782
129
320
536
567
487
-514
-1265
-958
146
-200
-1338
-1449
-349
-752
-1083
-787
-806
-1132
-1588
-310
692
-88
-887
-617
-71
1306
1593
2183
2239
95
720
1491
1557
1374
1089
1402
1961
2423
1768
1837
1625
1563
1247
901
1650
1194
709
1375
2076
1694
571
1427
2367
729
1119
2335
1434
728
525
910
1579
804
530
1154
51
588
875
671
349
-561
-548
-991
-1544
-3235
-2612
-2381
-2192
-1733
-2688
-2200
-3101
-2508
-2030
-1814
-949
-1433
-1435
-1165
-782
-349
97
-608
-1642
-1448
-1838
-1651
-1077
-2459
-1734
-871
-2290
-2464
-1779
-1916
-2489
-2083
-2091
-1683
-1273
-1971
-1354
-750
-634
-1573
-1748
-1107
-1481
-1174
-898
-903
-573
-479
-1010
170
150
-800
-808
-1187
-802
-1129
-1433
-508
-787
-2244
-1746
-1907
-1930
-1267
-151
1572
470
-928
-1434
-1065
-77
-487
-1446
-772
-581
-543
-221
-540
282
1500
565
-1514
-712
-938
-1307
-146
-86
-316
-693
-773
-595
-612
-49
1049
711
305
371
542
1202
1213
1134
1388
936
1516
2393
1403
1224
1530
1638
1709
1380
1413
2631
3223
2788
2682
1811
2020
2300
1556
1551
962
631
790
88
414
1592
1720
1121
1546
1325
1052
1774
1497
1318
-121
-853
659
1124
758
552
567
585
618
602
517
492
6
964
556
-931
764
1011
277
1230
2073
983
-265
-792
-1090
-38
286
-234
548
674
-234
503
1456
2205
2028
761
1201
2632
2642
1716
2431
3379
2217
1095
1856
2292
1643
1467
563
332
-481
263
1663
-947
-230
-579
-1791
-992
-923
209
197
-156
-1244
-870
-553
-496
-159
-583
-74
-167
-569
-1116
-2330
-2638
-599
1162
-874
-2141
-541
-1157
-2782
-2152
-1642
-2538
-2354
-971
554
416
-332
-646
-1467
-1065
55
-438
-1128
-223
228
-260
-453
-285
-1122
-368
375
-2062
-934
-991
-1144
572
-1514
-2207
-1252
-1334
-1592
-1790
-1978
-1727
-2107
-1151
-1013
-2994
-2454
-1189
-1469
-1701
-1735
-1241
-989
-800
280
728
487
560
1183
272
1090
1686
96
662
-188
-1147
-948
-1321
-1211
-1993
-2950
-2083
-1473
-1963
-2779
-1952
-360
-1572
-1320
-138
167
202
-360
-268
-230
5
560
911
1135
1162
1065
811
1152
2550
2477
1650
1383
-103
-335
1525
1063
1166
2442
412
-204
1642
711
-1210
-120
603
-250
479
799
-49
165
2219
2383
64
-164
1736
1645
462
1618
2103
2254
2265
1175
1012
1343
1079
199
1896
1295
-1658
-955
-1148
-1228
-594
553
81
-2330
-305
528
-1397
-1934
212
-184
-2673
714
759
-1928
308
1104
-339
1524
2184
-1024
-908
-450
-3802
-2727
2845
1415
-3436
-1215
-1351
-3406
1059
2650
-364
1031
5695
2673
-1018
2336
-297
-3054
2277
3689
-736
740
3402
-382
46
3387
1420
-495
634
136
12
282
395
1231
756
85
123
903
-172
-316
1316
190
1017
2041
949
826
2052
2119
-284
-266
1466
-455
-1498
2523
2771
558
1410
2349
1279
379
2013
2049
-448
-367
377
-931
263
1016
-2048
-1245
1563
-1265
-2067
2203
804
-3319
764
2991
-1473
288
3628
-1014
-3174
2169
552
-4971
101
1070
-5518
-1542
1789
-2803
-2867
636
-4466
-7366
855
-1371
-5372
-23
84
-4121
-2596
1689
-1771
-4724
705
-1100
-5119
-1933
-1405
-3573
-2396
429
-689
-744
1238
1438
169
1271
1512
458
1310
3269
2282
-1421
626
1644
-280
1471
2437
-1695
-2324
691
563
-2172
-16
720
-2943
-766
-449
-1482
-2197
-1206
403
-1495
-2613
-1349
-29
-1466
-1022
56
-78
-1016
-1758
301
-1670
-1469
934
-1544
-1640
716
-301
-2595
-1043
-2525
-1835
3687
3358
-535
173
784
-3166
-769
1886
-2168
-3605
-685
-785
-2861
604
2320
-1418
-917
75
-1764
-2655
-178
712
-297
1647
1167
1599
136
-2137
1086
2430
28
2091
3417
-203
478
4435
2878
-541
3709
3778
-1755
976
4550
1559
627
4774
3029
35
4979
4218
-1102
2851
5005
-1279
1910
6810
405
-196
6140
1567
-3366
4567
3948
-3652
2525
5220
-2860
201
6531
820
-1626
5031
1854
-4354
1984
3435
-3764
271
5572
-127
-860
3807
1574
-376
4641
4777
-757
-201
2653
1050
1327
4650
1980
-710
2360
2122
-577
-1625
-838
-2240
-4267
-350
321
-3829
-3284
-1082
-2847
-4430
-4107
-2762
-1632
-1674
-617
-1145
-1073
428
640
-729
-2295
-395
1490
-23
-748
1200
1656
-260
710
1913
126
-435
1229
-263
-1621
851
157
-825
-23
634
-1364
-921
1194
-1731
-68
2119
-2297
-3361
186
-431
-2720
-252
1030
-2381
-3045
-1327
-3210
-5659
-1145
1229
-2472
-2107
1673
-1320
-5614
-1108
-686
-4197
-2874
-1540
-4719
-4351
-352
-1695
-4930
-1016
1464
-3850
-3849
506
-2234
-5020
64
757
-4327
-1636
2645
-4090
-5057
1111
-2902
-6432
605
1127
-5354
-853
1745
-4433
-1514
3566
-3502
-3722
4394
-2844
-5533
5594
1621
-6484
1636
4914
-5209
-1030
6581
-1435
-3348
3755
2511
-3278
783
4536
-756
-855
4746
1270
-1987
2949
4411
924
1153
4368
2071
1787
5106
3435
1142
2596
3559
1249
664
2267
943
958
2118
2134
953
-223
1516
1939
1023
-36
19
-288
-1644
367
1154
-741
307
702
-3069
-5060
422
1591
-2286
1647
2164
-1913
1047
3259
-938
-312
4834
2224
-1455
1829
3343
664
2462
4120
657
1329
3662
535
842
4502
1607
-352
1859
1682
-707
483
1830
-1401
-1336
-87
-1759
-277
474
-1790
-506
915
-109
261
1961
521
-2152
105
1214
-349
2916
3534
55
-222
2561
-575
-1944
3448
1320
705
4080
2252
-147
2682
2697
-1660
1145
3058
-1205
-11
2745
-37
-1889
1883
1653
-2137
-206
-579
-3069
632
1791
-1794
-1802
480
-942
-2907
742
95
-2528
-535
-797
-3888
-2404
2208
-916
-2784
88
-865
-2583
-885
125
-2695
-1975
249
-2417
-2813
-1161
-2318
-4211
-1706
812
-1947
-3312
22
-221
-2992
-1160
-236
-1804
-2188
489
-1109
-2677
-720
-651
-3284
-3287
-393
-955
-1039
663
298
-2960
-435
2549
-869
-1725
2366
1563
-1601
1087
3160
860
618
2639
1240
492
1176
1329
420
1347
2055
1134
3102
2636
1276
724
-241
-1208
-1799
568
-456
-3159
-781
851
-116
1367
2542
394
-753
80
837
1359
953
611
882
1797
2504
1479
1489
2220
1715
2382
2086
-131
-598
926
1536
470
2173
3329
-292
-1017
304
-30
273
-713
-983
-1429
-1409
345
-996
-1579
-959
-887
-454
-564
-1646
-2196
-699
-84
-1460
-2562
-2013
-2668
-2374
-383
-778
-1840
-1289
-325
-1314
-563
1707
-450
-1685
323
944
233
33
1422
923
615
2185
2429
705
708
1619
693
-326
-524
-5
-677
1749
1847
-213
-253
-399
169
-639
-803
-1626
-755
-9
-362
-420
-1586
67
-599
-2736
-1508
-1320
-2504
-2156
-256
-304
-1018
-644
336
744
-526
-6
-600
-240
554
-402
-11
-229
538
351
224
448
-800
-2082
-491
1285
-373
483
809
-334
-90
1413
1660
-401
-719
508
592
92
895
1319
-165
-6
1310
1127
599
-188
-349
176
1095
940
-1339
-400
2936
1463
541
1855
-399
-3177
-2711
-642
791
-83
-2582
-1794
770
1967
-190
-597
2756
2161
1817
2886
3335
2522
1573
1634
2199
1880
1316
2612
2077
559
-164
928
-1402
-1430
1917
660
-1335
-1781
-369
-1025
-427
1614
1202
1466
1243
-433
-2338
-1281
489
-517
-86
919
-413
-2199
-378
-456
-3434
-2561
-3765
-4890
-1780
-1567
-2900
-3627
-2760
-861
-1714
-2131
-2637
-4167
-3504
-745
-1403
-2741
-949
-2566
-4042
-3063
-2248
-1333
-871
-1188
-2320
-2855
-2781
-2265
-1070
-338
-554
-1473
-2178
-1120
-1752
-2485
-4
1138
-128
472
299
-716
817
1607
862
544
2051
1878
1580
1744
1676
2818
3194
2981
2662
3932
2212
1039
3288
3080
1828
952
3529
4203
492
304
2588
2697
2537
2208
1092
248
1135
2450
1948
2157
1191
508
757
265
360
-376
-626
-47
232
324
125
641
-850
-1089
1160
1082
1373
1614
1744
179
27
1897
235
723
1407
1426
778
921
1621
-338
402
-683
-2779
-1512
741
1431
1295
2119
1975
2649
3347
3924
3298
2417
4235
3764
3633
5644
4949
2829
2465
3678
3752
3196
3229
4121
2710
373
2156
2610
438
195
392
-313
-783
-785
-931
-445
176
-723
-1462
-1870
-2312
-2363
-2241
-1967
-2088
-2131
-2814
-3069
-2807
-3974
-3373
-2503
-926
-824
-3935
-3163
-515
-774
-2296
-913
-154
-2085
-2221
-1891
-2557
-2533
-1804
-2544
-3289
-2806
-2481
-2547
-3553
-2807
-2372
-4048
-2872
-2709
-4484
-3636
-2417
-2986
-3469
-2122
-2737
-3835
-666
-75
-2698
-2660
-1635
-2155
-844
-378
-2088
-1218
-601
-412
-812
-1159
-657
-656
-1081
-961
-1169
-2374
-2146
-583
214
-226
-35
-1030
304
3079
1236
-120
372
-606
124
2729
2055
1584
1551
2152
2867
2206
3207
3013
2566
1489
1382
1232
239
1516
1324
304
-15
819
719
-906
-299
350
614
923
1856
1051
-1140
598
1016
323
-578
-1530
-897
-479
-444
-1933
-786
-883
-2189
-919
-1026
-1209
-1353
-1418
-747
-4
395
1064
885
575
829
457
2017
2890
1652
1538
2907
3495
2459
2990
2578
1134
2806
2940
1604
2093
2789
1900
1365
2261
1520
1338
1448
1003
819
1107
1666
762
790
1875
1588
985
1479
1575
1019
1490
706
-87
280
516
764
398
101
219
303
672
854
699
679
744
1003
88
-815
386
976
292
-33
561
1486
596
373
-223
-1012
237
362
-673
-1191
-400
-1502
-2929
-2005
-1378
-1343
-1587
-2519
-2962
-3119
-2345
-1961
-3200
-2395
-2622
-4366
-4493
-4370
-3448
-2262
-2443
-3376
-3817
-3421
-3236
-3570
-3553
-3131
-2945
-2091
-2257
-3500
-2439
-1222
-974
-1417
-1450
-34
74
-255
-328
-502
-1361
-775
764
494
79
-234
207
600
-75
-779
-715
-1587
-1354
179
21
448
365
-182
882
725
518
1574
1003
1079
2384
3316
2891
2400
3060
3510
2853
2137
3760
3618
2369
2542
3105
1823
403
1740
932
1303
1731
189
1045
2645
2308
1973
2673
1790
1807
1713
3013
3854
3341
3357
3326
4074
3727
4098
3422
2505
2343
2364
1494
1105
1559
2040
507
-1083
498
-988
-1455
-1680
-2133
-247
257
-727
-943
-462
-460
-495
-1125
-125
-29
-1687
-1277
-938
-2036
-2121
-1430
-1357
-1195
-446
-988
-1231
-612
-720
-588
-1144
-906
-896
-1576
-2509
-2630
-1346
-650
-1097
-1540
-1204
-1566
-1397
-1366
-1197
-1290
-2448
-2680
-1222
-150
-1314
-1368
-785
-813
220
827
813
1562
540
-202
1076
1029
903
736
642
823
912
1057
515
-81
-1684
-2632
-1307
-1386
-1877
-1619
-1297
-1688
-3012
-3075
-2602
-2058
-2091
-2039
-1027
-1341
-1723
-1179
-1290
-1564
-1960
-1612
-642
-100
-668
-176
483
-923
-287
298
-229
-191
276
1019
455
300
836
1112
2485
2909
1285
1440
2252
1810
1793
2443
3044
1875
1232
2682
1930
-80
1116
1119
-287
-647
-589
89
246
-499
227
1434
664
-84
-568
939
1056
62
1458
2326
2175
1602
2752
4543
3744
2319
2236
2919
2555
2423
2400
668
769
1536
683
-289
-567
-256
-114
-406
-840
-873
-878
-607
-501
-344
-231
62
-562
-1494
-195
189
-463
-889
-1965
-3052
-3029
-3026
-3368
-3548
-3297
-2969
-3088
-1707
-1381
-1359
-493
-488
511
-145
-483
-70
-1417
-162
1063
-59
-50
329
4
705
824
-393
76
-209
-686
254
452
-343
-1573
-1561
-283
974
715
-116
-379
-553
-388
-409
-1195
-1194
-1136
-1229
-1835
-1053
-387
-2039
-734
-26
-689
-993
-872
1428
2336
1607
894
-457
-1004
581
1306
1378
1149
1072
1136
-233
-658
-295
467
547
-616
-1642
-1246
-2
181
-608
-828
-536
-478
-243
-1102
-1769
-730
-41
-654
-205
264
-405
-724
-1089
-818
-1029
-827
94
-164
83
-62
406
698
350
574
11
609
908
1479
1612
264
670
1638
1221
-1110
-1987
-868
-152
-260
-19
231
1044
1830
1080
956
1257
2498
2657
3282
2758
1797
2919
2677
2382
1829
1935
2977
3446
2692
2531
2814
3565
3942
3608
3653
2538
1896
1554
2527
3658
3532
2780
2418
1674
1824
2540
954
1336
1790
1235
478
101
-186
-691
-1010
-1839
-1909
-1137
-762
-1377
-1602
-1685
-736
-1156
-1274
-444
-1157
-2004
-2002
-1097
-2172
-2694
-2161
-2375
-1888
-2260
-3399
-3047
-2995
-3814
-3724
-2974
-3072
-2976
-2278
-2239
-2404
-2806
-2788
-2639
-2531
-1933
-1111
-1495
-2109
-1202
-832
-472
-238
-841
-1232
-671
272
-828
-631
939
639
863
1448
822
-726
-208
662
-1268
-3059
-2764
-503
443
-1348
-1807
-1855
-2734
-175
1194
346
405
-909
-262
1419
432
83
1039
48
-252
586
-159
-873
-101
-443
-1054
-946
-2070
-886
-403
-1786
-1955
-1271
-1292
-2589
-1372
-1090
-1776
-1457
-1269
-503
-1099
-761
-149
-1277
-2001
-1265
-166
-754
-1052
-1417
-1672
-2310
-3817
-1841
50
120
-115
394
1825
1021
322
1381
3180
3282
3214
3887
3114
2968
4144
4119
4117
4727
4196
4463
3969
4092
4521
3570
3099
3428
4242
4026
3444
3208
3224
2516
2300
2873
2194
2022
2271
1865
3148
3110
2043
1734
423
553
1957
1355
-71
-519
-639
-454
73
1380
1697
1092
577
847
108
-265
328
-941
-437
347
-550
-529
399
-374
-1678
-1052
-1536
-1746
-1999
-2346
-1735
-2859
-2296
-976
-1932
-2474
-1951
-1746
-1978
-1400
-1321
-2260
-1822
-1510
-1964
-2361
-2859
-1949
-938
-927
-1799
-1301
-832
-1451
-422
-1511
-1198
-980
-2164
-1514
-1826
-234
468
-395
-428
-1583
-2743
-3175
-1728
19
-80
-237
-127
-735
-283
8
-1114
-1219
-1100
-409
247
239
188
-266
-960
-139
1662
1114
988
3381
4504
2938
1277
782
1953
2339
2707
2326
1276
2336
1260
1263
1538
640
727
156
-196
-1213
-1455
165
434
-913
-1177
-1694
-1021
-297
-1835
-1151
-356
-2259
-2538
-647
510
-27
-2604
-1476
1427
311
565
1077
771
2302
2090
1407
1073
1296
1451
979
1324
1234
863
444
1408
929
91
783
316
-166
117
296
-131
-272
202
-396
-695
840
341
24
-610
-1718
-1582
-1141
-1352
-2361
-1536
-1839
-1575
-1253
-1240
18
-1360
-737
280
250
1348
-721
-1546
-1298
-2934
-3105
-1876
-682
323
-451
-1688
-681
-495
-360
121
-1565
-1409
-279
-1048
-218
758
-163
-1255
-1619
-537
-81
90
436
-1025
-1484
-650
-229
135
523
496
-261
-720
-207
747
813
-600
-507
229
749
1647
1279
2184
1683
1398
980
-44
2198
1863
2302
2781
125
-253
610
1928
2332
1243
559
1532
2314
1660
1524
1624
805
535
671
1014
2858
2921
1061
1372
2231
1812
1830
97
-460
891
122
1014
1955
-53
-260
968
2130
3206
1743
371
667
938
473
806
756
875
1967
408
-840
-1537
-3070
-2717
-412
570
-287
245
1235
-1491
-4454
-3388
-579
1085
-486
-850
873
1544
1649
1230
1629
1408
47
-1093
-1338
-1007
-60
587
1211
1267
591
837
447
563
-177
-264
-413
-315
1070
-268
-45
785
105
-1060
-1048
-554
-1380
-2431
-3452
-2585
-2156
-3399
-2695
-1096
-1392
-1293
-1064
-1920
-1246
547
-204
-157
256
-259
-9
-1427
-473
90
-886
576
7
-1274
-730
-581
-885
-1150
-1024
-838
-2083
-3857
-2501
-1509
-2674
-2006
-1618
-2149
-3535
-3469
-2706
-2904
-3834
-4921
-2743
-2280
-2572
-2371
-1772
-858
-1244
-2063
-3057
-1555
-1342
-1510
-1014
-1217
-1645
-1867
-1576
-1749
-1148
-1097
-986
-1259
-2004
-2219
-1153
-646
-2385
-1738
-1880
-2837
-1479
-990
84
-30
-130
927
763
405
215
1031
1353
1255
1908
1332
1200
2629
2811
2143
2534
2177
1876
3542
3886
3213
3428
3782
3187
3283
3363
2800
3554
3288
1715
1688
3437
3528
1929
1840
1988
851
-624
710
2773
2389
2532
4618
6348
3607
1032
1096
2252
2471
1223
2955
4641
3479
2549
2723
3449
3367
2608
2415
1764
2512
3043
2729
2248
1728
2209
1231
1601
1722
986
793
713
1958
1530
676
499
1211
1811
1418
1397
436
1240
907
-1404
-746
387
1378
649
-372
233
178
245
1805
2542
1627
1614
1127
1150
1661
1036
850
680
-351
-207
439
-47
-26
-611
-1294
-1163
-1970
-3140
-3031
-2351
-1793
-1640
-2742
-2643
-1206
-1359
-1683
-793
-1246
-2662
-1975
-1559
-1818
-2777
-2817
-578
-1256
-3665
-4518
-3338
-1623
-660
-1533
-2943
-2475
-2524
-3283
-3686
-3327
-3186
-3972
-3022
-1852
-1387
-2195
-3271
-1553
-44
-437
-1599
-1573
-847
-779
-150
-216
-573
-907
-1205
-1603
-1780
81
1365
351
-1120
-1181
-1067
-419
-805
-1376
-535
-1707
-1300
-761
-1012
-277
-960
-549
-1092
-1219
-499
-1407
-678
-1309
-1472
-1615
-2366
-293
-656
-1740
-1889
-1620
-2290
-2897
-811
-1945
-1721
-1293
-1687
706
1027
2882
3371
699
-1699
-3086
-797
2418
3194
1884
1847
2550
2671
2695
3120
4235
3767
2932
2476
2558
2990
2172
1071
161
776
788
-329
-147
-79
-147
-141
-49
-63
-657
-595
340
-665
-1832
-1793
-1270
-502
-1380
-2031
-662
114
-356
-69
-187
-249
30
1292
1849
2345
2109
293
1541
1703
1925
2610
1033
941
2035
1284
55
576
999
352
-523
-902
-74
-428
-994
260
-314
-62
82
-668
96
484
529
123
702
57
-236
297
-69
325
428
1431
966
153
238
1007
2640
2327
1719
1136
2027
2761
2018
2174
1648
532
40
1200
908
-405
-762
-745
616
208
40
76
-923
-1187
-1230
-581
-267
-354
-1041
-1979
-2129
-1710
-2672
-3777
-2001
-943
-762
-379
-1658
-1070
-48
-1356
-273
1123
362
-130
-387
643
969
1093
947
407
-298
-812
1327
1159
125
569
-649
-267
1538
1021
189
-699
-2117
-1887
611
1487
1768
2535
260
349
1133
697
552
-423
1004
2621
2157
405
720
1981
2201
1841
1361
1464
215
528
2284
2234
714
-2572
-4232
-1755
-313
-1892
-1994
-278
-362
-31
870
-315
-718
-557
-1225
-1634
-823
-642
-2153
-1762
-1737
-2052
-1631
-2916
-3409
-2759
-2075
-2471
-2872
-1349
-894
-1042
-146
-339
-753
144
-639
-1758
94
-290
-2086
-1140
-245
107
-1121
-1574
-160
-1123
-2193
-1573
-2219
-3420
-2255
-845
-2107
-2488
-1946
-2652
-2119
-503
-378
-1731
-946
-19
-519
-74
864
431
-551
406
1331
1150
503
1249
2156
1874
1794
1246
1130
1355
1979
1655
1950
2331
1834
2081
1087
1693
2691
2032
1862
3037
2476
1891
4732
3350
2109
4067
2673
2578
3402
2223
648
1363
2604
1770
2081
2194
1008
259
397
723
965
1060
1579
1314
-10
1027
1812
-44
-502
660
-923
-2255
-138
-1085
-1603
344
-1865
-2872
-1051
201
-680
43
1827
-942
-1142
-442
-657
2399
4643
2751
1349
3208
98
-3568
265
3846
3127
1697
2482
1088
-317
2817
1193
-3026
368
3387
749
1189
3614
-891
-1585
2328
-71
-1301
-81
-293
-1692
754
1455
-1658
657
3851
1453
-861
-1019
-2358
-2321
-2076
-1574
-148
103
-414
-119
-229
-947
-524
-415
-1308
-1381
407
428
-1296
299
903
-2281
-1896
487
-1211
-3438
-1183
-358
-3269
-1856
372
-2265
-3694
-687
-2453
-7202
-2055
-530
-5710
-1222
1540
-4247
-3742
1681
-2879
-4325
2996
-886
-4574
-158
-923
-3492
57
2798
-2508
-3317
674
-2201
-3949
1432
1382
-4619
-1001
2673
-2789
-1424
3990
-886
-3190
2942
2496
-2709
413
3059
-3369
-1642
3766
-769
-3287
673
119
-2993
-365
1373
-1774
-1451
1742
89
-3154
480
1275
-3717
-1475
1936
-524
-1475
1555
290
-2127
-490
-963
-3830
-300
2032
-2905
-479
2211
-1934
-2318
1313
-442
-2906
183
550
-1089
-885
758
445
-978
425
-198
-904
588
-1808
-3074
915
1666
512
3680
3794
-597
915
2431
-2039
-1279
2753
1439
469
5588
3134
-2766
2746
4574
-549
1680
5033
1494
2277
4356
2218
371
3301
3870
-457
1162
4048
1847
1641
6322
4911
-211
2785
5666
650
1323
6197
2425
-1441
3586
3866
-2280
606
4083
-23
-1418
3026
1274
-1733
2757
1771
-1356
1676
2973
60
1205
1975
-2016
-433
2889
30
-1056
1347
-1056
-2435
408
-2118
-4569
-666
-1560
-4443
-481
-76
-5479
-3194
1466
-3505
-5144
760
-881
-4732
-924
366
-4320
-3462
1595
-1172
-3260
729
688
-3010
-2499
1329
-1553
-2847
1122
303
-3086
-1511
1850
-939
-2166
412
497
-1683
-74
1604
-574
-1464
-798
169
-1858
-1884
1972
1355
-1802
1478
1938
-3015
806
3517
-2843
-2962
2980
-691
-2821
2250
113
-3076
1822
2232
-3740
-1413
2026
-3567
-1872
4355
-1594
-4161
2083
1015
-4344
411
2358
-3697
-1979
505
-3350
-3422
1249
-899
-3361
1522
2130
-1143
-507
-151
-4072
-3306
1626
-635
-519
4895
3559
-1932
-1043
739
-583
2170
3591
1074
-1144
1444
2428
407
1074
2398
1515
273
2005
2259
-315
-995
1547
1454
-854
-661
905
309
-14
1987
2736
1525
2762
4295
47
-1306
2714
278
-501
3181
699
-2166
1913
4376
-1607
550
4916
-682
-1424
3731
1783
-1627
3270
2768
-2729
1681
4230
-2168
-268
5026
-129
-4029
1549
1563
-3502
-530
873
-2742
-1428
3984
1304
-3194
267
-79
-3159
430
1761
-2392
-2185
908
698
-2360
-1445
-740
-1820
-858
286
-1765
-1940
418
-349
123
-405
-588
-939
-1724
-862
-151
-1560
-2268
-67
-1529
-1789
1113
486
-711
-270
-113
-1267
111
-435
-1851
414
-20
-814
214
908
-397
-1311
-277
-122
-273
1611
2955
212
-489
2849
687
-831
1538
1630
1023
621
2289
1731
998
1513
623
1853
1256
460
55
-127
694
1026
1523
-119
409
707
-5
-475
-666
571
-77
1154
1669
-611
-2526
-3058
-1030
3
1090
2927
1162
-797
-794
-1666
-1104
-552
-1326
-675
-601
-947
-1177
-760
98
-509
-893
-642
-879
-2012
-1688
-751
-2156
-1823
-607
-581
-657
-992
-626
-1514
-2071
-1334
-131
284
-321
-604
-1868
-2374
-766
-876
-1903
-1499
-1369
-1896
-1832
-457
-698
-1858
-1732
-595
624
82
-4
892
2317
2953
1276
-84
1243
2546
1439
1325
2456
3391
2664
1876
2321
1222
146
891
87
-308
1692
1726
661
-938
-1282
1187
1893
-75
687
1219
3
1160
719
516
1067
340
-1288
-1456
-288
-248
-364
-645
-221
-546
-1023
-2120
-2394
-421
-459
-2163
-1621
-121
-171
-336
-190
-472
-820
-410
31
-1115
-2698
-1000
353
-8
260
-884
-1984
-841
907
-698
-1130
336
257
280
-447
-558
-1218
-362
320
-1329
10
512
326
735
-112
-140
542
-122
-141
1611
-28
-196
1767
764
78
-201
930
1868
588
310
1888
1072
856
1336
673
1311
1411
213
-1804
-310
2496
2731
1298
1020
1298
693
1622
3479
4325
1727
640
3841
4981
3748
2546
1464
2508
4235
2480
1622
1488
456
737
1641
1303
-159
-282
331
509
-684
-730
-272
-474
-660
-843
-1567
-1406
-449
-414
-1253
-2253
-1702
-1305
-923
-1021
-1621
-1835
-2355
-1323
-91
-740
-1253
-1316
-1191
181
401
-1739
-1927
-443
-1273
-2128
-1070
-1312
-1644
-986
-1783
-2846
-3048
-2773
-3555
-3831
-2327
-1278
-1545
-1583
-687
-661
-353
-162
16
491
-81
-817
-263
1510
1158
96
261
506
-257
-843
567
279
-1090
-623
756
1072
873
52
-2099
-2124
-609
-1208
-1835
-1339
-1564
-2664
-1574
-1282
-4076
-3138
-2277
-2579
-1324
-1820
-2049
-1659
-1713
-1997
-1970
-1345
-1412
-1599
-1962
-1124
-779
-1453
-1580
-2097
-1807
-1196
-586
-988
-711
-377
-992
-497
-17
-203
-297
-487
547
1487
-182
416
1827
875
287
1318
2661
1630
596
1367
729
-59
348
1021
2647
2923
155
-224
2192
2279
2772
3320
1985
1844
2305
3420
5030
4163
1818
2131
3738
4286
5374
4694
2807
2501
2568
3863
4495
2484
2079
3626
4030
3863
3331
3067
3550
2476
1558
2130
1717
763
1705
2527
1603
1144
-206
-169
2076
1349
-155
-270
-1009
-1449
-630
-267
-1012
-846
302
866
343
563
1111
722
1078
1490
1959
1408
631
1462
2339
2759
1517
771
618
262
1155
1166
22
-285
-612
-1474
81
134
-779
1237
-131
-1171
563
445
-252
-2021
-2027
-1526
-2286
-1499
-1033
-1333
-1792
-1773
-1970
-1205
-1101
-1467
44
-897
-5
446
-1421
-1594
-2186
-568
196
-925
682
1528
278
663
455
-305
8
-747
-1944
-717
-371
-1652
-1355
-1872
-1781
-1067
-1165
-1505
-1424
-2140
-2477
-1213
-1425
-2133
-2100
-2822
-3153
-2725
-3022
-3197
-2981
-2307
-2491
-2217
-1978
-3719
-3727
-3014
-2621
-1758
-1638
-2106
-2808
-1855
-1585
-2034
-1369
-2427
-2533
-2723
-2187
-1740
-3111
-1417
-1458
-2207
-1567
-1411
-122
-246
-839
-126
697
392
-593
-240
1125
782
1401
2149
688
2359
2105
978
1204
1028
1715
1702
1621
879
2303
1824
677
1878
435
-1288
-744
260
869
289
-1218
-461
919
1472
774
-545
-838
-231
-732
-1332
-386
-888
-1935
-1798
-1052
-1154
-1055
-295
-991
-1116
936
1957
411
212
1485
215
-257
1336
1417
734
1192
1416
-47
462
1004
345
-109
-94
737
420
-91
381
157
105
1530
1814
1232
1413
1865
1069
488
1070
1042
1033
1478
786
309
1019
136
930
1731
769
1897
1671
543
940
636
807
1751
1191
1090
1524
1134
523
74
1126
1700
406
269
1086
903
1938
2724
1807
2810
3579
2992
2613
2421
2811
2240
1249
1633
1558
1412
1475
984
1040
1048
968
256
138
234
132
516
-268
277
-417
-1164
292
662
1201
-155
-1068
-981
-731
498
-981
-2728
-2856
-1296
-1809
-3159
-1529
-1294
-1337
-2506
-3103
-1418
-760
-905
-1573
-90
738
-1193
79
1104
-1031
371
2920
1911
148
-114
842
1289
1518
655
-310
1189
411
161
821
362
310
-480
19
-668
-993
-201
-204
-1739
-2443
-159
542
-393
-744
-691
-1038
-217
-400
-2060
-1392
-1525
-1364
-1740
-3248
-2067
-1273
-964
-1275
-1626
-638
-325
385
447
-463
-1364
-796
-64
-1225
-1665
-918
68
-1322
-1225
-682
-2350
-706
-1111
-2457
-1983
-2145
-1828
-2226
-2518
-2073
-1523
-1903
-1423
-1632
-2384
-868
-949
-2369
-1379
-1473
-2932
-2044
-1570
-3050
-2683
-1200
-1549
-1432
-918
-579
-770
-754
-596
-1323
-1482
-828
240
54
88
150
155
186
934
2485
1278
155
872
2202
932
-211
1012
516
1552
3056
1925
1002
976
565
959
1019
535
745
1903
3091
2446
2031
1641
2475
2809
2297
3202
1968
1555
2856
3064
2408
2888
4120
2789
2009
2584
2730
2158
1158
1224
1528
1763
2050
1476
1055
1036
483
554
1504
2475
3068
3125
1762
1446
3337
3753
1976
-541
1645
3672
2205
3075
3182
2862
2275
2604
2660
452
916
2541
2427
1333
1838
1771
412
1392
1244
877
1351
1387
1956
1545
838
86
1241
2706
2274
1092
-321
144
1436
827
-375
-527
-969
689
776
-1309
-1090
-1188
-845
-152
815
744
-377
358
-24
-1295
-1777
-2651
-3068
-1842
-1056
-1310
-1264
-1808
-3217
-3702
-2690
-4018
-5093
-4180
-4893
-4273
-3922
-4561
-4004
-3680
-3934
-4519
-3215
-3074
-4115
-3952
-4044
-3706
-3927
-4059
-4105
-4553
-4683
-4383
-4295
-3738
-2956
-3878
-3866
-3012
-2192
-2237
-2526
-2518
-3783
-2801
-1488
-2462
-2731
-1939
-2421
-2295
-1631
-3012
-2589
-2061
-2727
-2296
-2560
-1573
-753
-2071
-1746
-864
-991
-1142
-653
-550
-535
-812
-1067
293
210
-755
-423
721
1229
634
738
1452
2105
2134
2196
2565
1298
1120
2333
2408
1268
1307
706
-1445
738
2519
1176
330
758
1211
367
372
1157
1649
2018
3549
3363
2296
3177
3201
4536
4715
4049
3122
3178
5294
4308
4537
4726
3022
3080
4472
4962
3277
1952
1521
1396
2241
2012
1928
2572
2208
661
-459
420
961
1731
1426
1485
1811
840
-427
-179
1227
955
881
419
734
958
915
474
-362
42
-501
-249
-792
-999
928
1275
776
1340
1122
1230
1840
589
371
1490
792
447
1162
1407
1777
763
43
240
-300
-1186
-400
1141
354
-41
551
777
757
897
985
986
800
790
859
231
167
-245
-459
11
-466
-1270
-679
-1193
-1095
-104
-1027
-667
-630
-856
-514
-299
243
367
-565
-1574
-237
358
-1049
-1121
-646
-794
-1296
-1326
-1154
-2162
-1498
-1258
-2636
-1367
-620
-1702
-2958
-2034
-688
-1099
-1171
-983
-1070
-2246
-2329
-1102
-514
-934
-772
-751
-797
-690
-982
-745
-1084
-609
-495
-474
-968
-1408
417
-107
-1854
-1322
-515
-132
-666
-1775
-1541
-864
-851
-832
-741
-1509
-1398
-1302
-1501
-400
-351
-1128
-2154
-599
1462
872
583
-445
127
324
-249
940
932
1549
1224
914
901
-984
-341
364
240
936
-18
-615
-295
-544
30
993
440
285
145
-1139
-772
702
2030
1406
-241
-903
-402
446
150
1240
448
-468
146
87
-120
-614
404
584
570
661
-323
-765
203
1728
1526
-1099
-1956
-615
-134
599
408
-301
-261
-357
-1271
-2009
-910
-598
-1019
-760
-297
907
796
-260
44
556
230
383
-358
-696
451
227
253
227
-480
-1050
-1992
-2655
-1662
-47
464
-545
-1365
-20
427
278
238
-63
257
637
976
961
747
319
720
108
-211
962
987
639
423
827
809
958
909
933
796
498
1216
1388
936
369
1190
1171
1396
1487
1235
1764
601
1148
978
1002
2251
1151
736
1351
1829
1892
1285
174
753
1096
925
1146
262
-328
-1032
-887
-1328
-1888
-836
-573
-1003
-2564
-2838
-104
825
581
-567
232
2545
1664
780
1249
2046
804
42
1004
741
1245
1774
757
772
888
473
159
-664
-1397
-1697
-2895
-2897
-873
-241
-1072
-2393
-1762
-1482
-2302
-1110
-510
-708
-732
-304
-144
-486
-240
-1146
-1055
83
35
-171
341
647
918
1003
493
1142
690
307
273
747
1996
1237
1252
1251
538
479
-243
-465
-737
-702
288
61
-606
-951
-511
-379
-2537
-2348
-999
-1702
-1496
-508
-137
-946
-813
-213
-721
-1023
-1201
-618
172
-367
-368
626
-321
-1585
-486
-496
-853
-508
-852
-1157
-52
938
-171
-460
54
1225
56
-696
444
51
309
-76
-316
-615
-967
-709
-795
-443
-28
-274
-792
-334
-225
-1176
-1582
-790
-370
-825
-238
-173
-253
-554
-43
863
-66
526
717
935
696
14
75
546
1878
875
1110
783
4
1877
1575
1053
616
1569
1763
645
1705
1383
1310
1109
1123
-235
-592
80
-144
1317
-30
1020
2592
1809
1502
2053
3041
3048
3387
2111
2444
2680
2732
3818
4207
3915
2897
2690
2024
1477
2048
2226
585
621
164
399
1261
-124
364
750
-96
267
441
670
1715
1202
557
742
1358
1462
1469
606
-28
-579
-1198
-159
-296
-922
-2214
-2579
-1464
-786
-1392
-2161
-1377
-911
-1134
-1975
-1836
-675
-290
-1986
-2606
-1927
-2695
-2489
-1114
-785
-2100
-1834
-1666
-3354
-4106
-2630
-2192
-3552
-3351
-2921
-3261
-4042
-2760
-2238
-3622
-3389
-3581
-3197
-2887
-3036
-2035
-2452
-3011
-2980
-3615
-3462
-2164
-1398
-3509
-2750
-569
-1971
-1254
-884
-1316
-689
-256
-421
-796
-189
-883
-1206
-1107
-468
-154
-858
-763
-280
-294
-407
175
-365
-362
-160
-802
244
1203
617
298
253
-72
-582
-360
-704
-818
-861
-2130
-948
-77
-271
-482
-1342
-1048
-584
-910
-1294
-69
-385
-1120
-532
-1762
-1153
-12
-68
166
90
340
-703
558
-59
-1980
201
795
108
-10
1256
2298
1916
1854
3860
3952
3278
3879
3916
4429
3560
5152
5142
4569
5503
4052
4924
5215
3867
4373
4925
4154
2887
2376
3427
3609
3878
3031
2765
3496
1790
1649
2537
2918
1440
1089
252
-378
853
-223
239
-51
640
1895
731
702
1398
1624
993
1934
2577
2099
2115
3099
4432
3235
2101
1944
2221
1362
1535
1995
76
779
1736
1415
289
-518
-74
-1171
-2039
-2034
-1069
464
970
-683
-2374
-1098
191
472
867
1334
933
1064
1276
758
1381
1006
613
813
663
-135
-1128
1105
984
-1542
-799
-270
-525
-462
-252
-169
-186
-149
-1287
-1726
-1462
-2101
-2341
-2957
-2861
-2239
-2843
-1788
-2624
-3392
-2698
-3311
-2799
-3319
-3053
-2367
-2571
-2910
-4078
-3462
-1887
-1775
-2012
-1990
-2397
-3706
-3726
-1708
-2164
-3002
-2280
-2052
-1903
-2182
-1428
-1790
-1974
-1767
-1997
-1179
-2774
-2662
-2232
-2032
-1862
-2508
-1442
-1734
-1942
-2011
-1675
-3039
-3722
-2490
-3764
-3076
-942
-1062
-1682
152
455
-1738
-1529
858
2102
1530
373
688
1175
249
1989
2305
1074
1716
1756
650
1071
2179
1592
1065
465
583
1332
2636
3103
2213
1774
2526
4444
3515
2215
3315
2512
1576
1239
2177
1780
607
1348
1267
1154
456
561
59
-223
611
1389
2388
1173
770
1123
523
984
1970
1429
642
1968
1368
588
567
-656
-718
-436
262
-210
-582
-248
-887
-1637
-1902
-621
331
-716
-1208
-342
-1316
-1309
-846
-997
-1228
-563
360
-1422
-1182
-869
-697
-961
-836
-385
-1897
-711
63
-440
-189
-518
-1569
-1992
-1014
274
-79
448
796
-272
349
241
189
-820
-156
643
-660
726
594
439
927
108
73
-551
-259
394
337
-54
109
619
-792
-927
-661
335
357
-1586
199
798
-1315
-2052
-1113
-398
-1432
-666
1025
-1211
-1757
848
-108
-2712
-1931
671
-1795
-2762
107
-469
-2913
-3071
-403
-1597
-2587
-1048
-1743
-2007
-1615
-371
804
711
803
357
873
1147
420
1613
1983
1487
3134
3437
1621
1175
2484
3460
2222
2124
1772
1974
2120
999
2025
1995
2049
359
-734
1302
778
77
1033
1475
675
299
1297
104
-839
1252
594
-199
-575
240
852
-1286
1
375
730
753
655
2148
2364
3793
3412
1590
997
1216
2213
2122
842
568
715
61
-646
-664
-125
-1268
-377
940
-2543
-1854
-162
-1999
-742
129
-965
-1349
-1098
-1818
-943
47
-2042
-1324
692
84
-868
-594
-90
-769
95
1494
-12
-2098
-219
986
-2032
-419
1956
-1287
-3274
72
364
-3095
-303
1474
-2399
-1998
251
-2081
-2580
-690
-1531
-1703
457
-379
-2648
-1029
532
-1676
77
2699
-1053
-869
2308
376
-513
4328
2105
-2136
2913
3367
-1574
-84
3461
30
-1466
2298
1656
-2659
35
3328
-1332
-337
2760
-140
-1420
1295
1351
-1316
-732
1191
-105
-2224
-445
375
-1592
-2114
-743
-312
-963
-152
828
-910
-1211
1323
844
1198
3787
1496
326
3586
4037
591
2096
5204
1201
2003
5426
3265
1455
4986
4617
-451
3071
4882
89
1584
5916
1748
-1092
3497
2966
-1148
1803
3260
-706
652
4624
1978
-2761
1195
2168
-1830
937
1262
-1826
-361
1991
-1069
-1341
2898
-257
-2241
2364
1853
-1652
3003
5264
-414
1401
4189
-1140
-1562
3006
-379
-2366
2793
2338
-3250
-2296
299
-4035
-3491
482
-2292
-6375
-2375
-844
-5089
-2889
-774
-3745
-4847
-1686
-1887
-3904
-2775
-1235
-2999
-3301
-355
-948
-3325
-3175
-2048
-3334
-3469
-2477
-2699
-3971
-3445
-3041
-5401
-3248
-1617
-3734
-3468
-2046
-3996
-5053
-1517
-2218
-4675
-1619
-565
-3159
-1596
192
-2083
-2656
-19
-1100
-2543
628
262
-1615
-1064
-1725
-2613
-2053
-937
-733
-3565
-1745
917
-1988
-2194
-951
-1556
-1048
802
-184
-1227
61
-553
-594
544
-137
-423
-567
313
-357
-2287
-1838
-2435
-2128
-485
-965
-2087
-3513
-3058
-1624
-2803
-943
518
-1450
-1262
288
945
611
1646
1232
101
1341
2303
1654
885
2021
1640
1394
2641
1355
437
983
446
767
2242
1586
-44
-366
481
561
-136
67
515
-8
-148
1370
-314
-82
2707
1275
595
811
1552
784
-1028
657
918
517
1655
1920
2248
2243
3315
2681
2086
3106
2793
3163
2826
3377
3341
2333
2150
2450
2935
2229
1864
2459
1843
1622
2291
1926
1234
1056
3138
2179
1355
2892
2242
2117
2381
1075
539
2273
1712
1899
2483
2247
2790
2552
1705
1145
1041
638
699
496
989
805
405
780
1370
1611
-634
809
2065
-188
-1116
-860
631
20
217
655
213
54
144
1260
-318
-391
932
76
-489
-68
-213
-668
156
1070
85
-581
245
-124
-340
577
-265
-1635
-555
240
-742
-591
-341
-654
-451
-1064
-284
1
-1344
-979
-788
-1167
-695
-644
-804
-799
-1952
-1738
-2212
-3209
-1767
-919
-2453
-2883
-2551
-3026
-886
-37
811
-101
-1141
230
-809
-404
699
806
940
1371
2068
1933
-80
-171
1498
1264
595
1128
-126
-487
847
723
1945
1497
253
-718
-457
688
-819
-1434
0
-68
547
-49
-375
14
-603
209
-278
-469
-1053
-597
-312
-750
-295
-836
-220
261
798
151
-1167
826
1471
-721
99
2458
1412
102
177
581
-296
-800
222
-241
-1542
-613
-442
-2427
-1237
-1772
-2754
-2220
-2868
-1768
-979
280
-840
-1790
-1721
-2218
-663
-1500
-1640
-457
594
238
-646
-98
-994
-1858
-600
-80
-1183
-1840
-771
-505
-2093
-587
-273
-3179
-3797
-899
-526
-2085
-1127
-359
-1673
-1198
1174
-1066
-642
733
566
3
-550
1543
554
-16
79
-75
-520
-311
935
274
-289
-190
-194
93
831
-358
-697
120
-195
-1114
164
1290
445
1027
883
1490
251
930
2077
962
1144
222
1904
2021
404
169
510
-763
-2537
-1349
-1190
37
-1530
-3330
-2007
-2353
-332
500
506
-23
-947
970
1346
886
917
1003
941
1665
3013
2216
1214
1487
2789
3044
1791
1886
2825
3807
2529
1295
3063
2848
1548
1179
1552
1656
974
1308
1468
943
493
1244
830
-31
598
73
-1253
-1375
-741
-126
-19
-1664
-2222
-1919
-1743
-916
-945
-1079
-991
-334
310
-557
-1534
-1771
-764
-308
-1297
-2186
-1418
-929
-1728
-1504
-1560
-1019
-76
-268
-728
-898
-1227
-1496
-710
-29
41
-176
-898
-824
-322
747
1320
562
692
1433
1473
699
1321
2520
1850
1336
1258
1004
839
608
746
1231
1247
716
1469
1044
-4
410
282
1122
667
98
1069
783
521
218
861
874
453
311
230
371
-650
126
1050
-241
-884
649
649
-28
807
901
941
971
706
-494
-704
-341
-543
316
-362
-128
637
-373
-1072
-305
996
459
-583
-1727
-1467
-1191
-1694
-1037
-1303
-2126
-3127
-3236
-2852
-3984
-3616
-2392
-2217
-2388
-3870
-3963
-2175
-74
255
50
-776
-1253
142
61
925
904
1206
1057
320
1419
1389
2436
1175
565
1634
825
1517
312
439
712
-614
-81
-1937
-1787
-1282
-1562
180
116
-657
-1025
-139
-487
-1211
-1337
-1129
-1070
-1725
-446
-457
-517
-708
-1087
-751
-1444
-1016
-820
-564
473
252
658
706
533
2068
1555
239
109
682
1764
1317
499
581
689
819
846
581
3
144
1013
144
-289
1300
1855
794
801
1113
-76
74
890
830
490
350
690
954
172
288
74
-191
630
234
-526
-1269
78
316
-985
-559
185
1245
1906
922
1099
1516
626
696
1045
1489
629
803
1804
1302
1087
1174
1211
1375
1749
325
-352
159
112
711
343
199
490
80
-74
-312
-259
-81
2
720
182
259
782
-153
933
567
610
1513
1075
620
-48
1023
115
555
913
-303
-596
-1902
-735
-280
-1922
-3533
-3435
-2722
-3165
-2591
-3284
-3784
-2891
-1693
-1446
-1566
-1551
-1242
-66
-407
-1128
-863
1551
1178
215
1384
761
788
470
495
161
-166
904
1229
639
202
603
385
1158
1464
1107
1532
524
-76
-138
195
1331
829
1212
1738
97
-1686
-1665
488
213
-171
-1060
-675
-20
-1034
-1408
-1634
665
751
-5
-293
-287
-447
284
1892
127
-507
698
1307
476
-173
238
557
279
-199
576
39
-1157
-9
346
-722
-666
-552
-1882
-1434
-829
-1896
-1334
-661
-732
-607
-1153
-879
-418
-1179
-1047
-669
-412
-746
-656
-452
-580
-26
-826
-2022
-1592
-183
-232
-881
-316
-85
-568
-1035
-144
-48
-1060
287
644
338
1066
1025
945
1625
1916
1406
800
453
1355
1621
1518
2086
1631
1097
1627
2022
1370
1647
2685
1141
1129
2249
1868
1769
1114
1637
1048
3
731
-89
-820
563
844
-17
260
678
763
449
372
-2
137
354
-468
-1773
-2175
-1080
-792
-1290
-2525
-1495
517
361
1265
1315
1188
1901
1181
1834
1550
1308
2524
3303
3852
3278
2374
1967
1986
2537
2986
1997
2430
2513
1464
804
387
502
933
1663
800
1266
1991
1117
-43
319
1473
99
-1464
-1255
-164
650
-78
232
579
-1423
-2804
-2024
-780
-2357
-1821
-1083
-2632
-3064
-2960
-848
767
552
-798
-969
-1053
-599
350
-578
-196
-1271
-2421
-2294
-3001
-2009
-1720
-2996
-3923
-3462
-2563
-2555
-1952
-1990
-2516
-2571
-2371
-1744
-1309
-1352
-1370
-1095
-1634
-1470
-582
-1852
-1466
-1233
-1986
-1508
-2190
-2432
-2065
-2310
-2825
-2477
-2668
-2466
-2200
-2088
-1856
-1959
-2685
-3236
-2213
-2062
-2050
-2138
-1878
-2340
-1764
-637
-1237
-1723
-1048
-30
-749
-660
-255
364
60
162
1067
-80
588
1705
1385
1741
2340
2148
1273
1806
3067
3174
2591
2584
2787
1602
1615
1353
-229
416
1006
1365
806
213
-74
-1365
-1074
-3228
-4155
-3161
-4482
-4648
-4608
-3879
-3105
-2641
-2940
-2153
-1745
-1294
1020
380
553
701
1027
1192
314
1687
2080
1927
2134
1058
7
1320
1370
81
778
1845
1757
1018
653
451
-169
-481
558
1217
2904
2547
810
1986
2761
3407
4076
3938
3432
2290
2415
3090
1993
1116
2189
3799
2312
297
524
874
1267
725
1029
3295
3454
2890
3370
3352
1800
1922
3562
1986
2017
2933
1936
1372
14
1083
2680
928
446
773
364
1640
1813
470
1022
1778
988
749
1378
1572
1062
889
1760
1634
994
946
935
918
493
1088
2097
1554
883
756
1702
2241
1176
722
1231
1895
1985
1638
2270
2507
1551
1092
809
897
-186
62
1139
159
-330
-786
-374
-346
-206
-451
-1645
-914
-1381
-2789
-2109
-1633
-2011
-2128
-1615
-1565
-1822
-1382
-1726
-1444
-633
-248
-632
-1379
-831
-330
289
94
-755
-579
-612
-1252
-1120
-152
-470
-123
-1417
-2866
-1987
-4532
-3968
-2253
-4273
-5166
-5365
-2543
470
-700
-3113
-2889
-1646
-260
-17
-1255
-1178
-399
821
793
697
1431
1320
860
-72
-1189
744
2402
1542
2065
1375
-663
-1243
-138
-434
-1572
-1266
-1298
-1249
-1100
-1091
-110
-314
-609
364
-697
-816
-914
-524
130
-762
-1273
-970
605
-584
-1767
-1650
-2014
-824
-1136
-1583
-1318
-1616
-370
-35
278
622
74
-1377
-1488
806
-761
-1411
-407
93
120
-1371
-1042
-397
-904
-1514
-1751
-2162
-1681
-1912
-2589
-2497
-2777
-3333
-2951
-1266
-219
-1414
-2361
-1777
-1990
-1014
-263
-661
-1679
-1773
-490
-1744
-1787
-96
-395
-1196
-1716
-1287
-1051
-199
418
-2137
-1563
-1097
-2152
-1967
-1822
-1384
-2873
-2157
-382
-59
-147
-989
152
1240
86
418
792
1577
1880
923
1391
1554
2424
2965
3088
2364
1596
2724
3068
2193
2053
2712
2496
2671
3540
2696
1344
1758
1944
1924
1738
1777
1776
1010
2400
1928
1096
479
-1093
130
-1269
-1404
-586
-2528
-3382
-1842
1902
2274
606
1326
2666
1570
1650
4062
3993
2619
2601
2758
3258
3817
3039
3716
3472
2124
2046
1504
1226
1299
1085
1218
882
437
194
734
754
-886
504
964
761
2035
2436
1464
1542
3286
2236
1513
744
-45
256
-619
-1225
-324
810
762
-562
-2208
-1942
-227
-145
-840
-648
1465
3175
2268
1067
-700
-799
656
664
894
859
57
-232
-548
-250
-30
-385
-1257
-1728
-704
-2062
-2488
-1434
-2148
-1384
-1206
-2929
-3000
-1697
-1828
-2745
-3526
-3241
-2344
-2540
-2695
-2564
-4092
-4747
-3867
-2570
-2051
-2849
-3096
-2791
-1172
-775
-1110
-867
-506
-962
-2257
-798
243
-740
-581
295
-240
-371
438
-309
-391
751
766
-383
-128
1084
725
940
1788
1531
368
-292
22
-85
-31
16
-970
-514
562
74
630
878
267
430
910
1630
2193
2779
2139
1790
2378
2208
2436
1508
2179
3504
1848
690
-1378
-2094
-1526
-1980
-883
-1021
-1838
-2917
-2809
-269
1229
-123
-589
1615
2335
3639
3285
3187
3601
3563
4674
3452
4409
4867
4713
4303
2289
3049
2553
1504
1145
1007
934
21
796
-105
-739
689
-328
-988
-1081
-415
-349
-1031
125
-208
-62
-1221
-2205
-299
372
-1171
-2989
-1580
446
76
-1704
-1357
-1030
-570
-240
-873
-319
-604
-451
-33
108
270
-35
-1124
-1775
-1867
-1366
-1267
-1356
-1729
-2278
-1887
-2131
-1842
-1753
-1510
-1677
-1289
-649
-1446
-1718
-1357
-274
-766
-396
753
-69
-550
-355
654
-347
-1532
308
721
-56
-579
-1007
-880
-496
102
-323
-1125
-592
250
-596
-1511
-319
332
-1823
-2044
-1495
-1328
154
-688
-1729
-1379
-1081
-947
-1068
-845
-761
-690
-162
-1003
-414
1
-1576
-1626
-1913
-1019
-498
-1109
-750
-396
-929
-969
584
21
-171
777
527
635
1185
1459
669
1236
1487
901
2564
1665
393
630
-1010
-1543
-1780
-3223
-4236
-3036
-754
-684
-2096
-3072
-1749
-936
-1419
427
1564
597
391
1922
3281
2753
2366
2985
4296
4918
3661
3712
3718
3779
3876
2703
2652
2448
2030
229
699
955
265
2409
1579
1254
2192
1801
666
977
1804
1399
973
282
590
1545
799
-989
-338
747
145
-1128
-1827
-2213
-2820
-3006
-1740
-266
-1037
-1543
26
575
247
-16
-432
337
884
1367
471
-1302
-418
1066
499
-843
-1257
-1263
-690
-13
-665
-1784
-1943
-1632
-1139
-893
-1288
-1189
-764
-375
247
-579
-957
-685
-239
-3
-991
-357
43
-151
62
-323
-1212
-1680
125
347
-1474
-1450
-177
-515
-1756
-497
184
259
1070
462
19
-145
-142
-146
-370
2
1228
767
-637
181
17
211
830
479
141
743
1031
284
419
-308
-35
1271
874
-327
-486
707
199
-807
71
724
852
-62
-489
48
-225
546
956
-199
-528
-31
-373
-785
324
672
-666
-2805
-4735
-3746
-2882
-2916
-2981
-2480
-737
-1580
-2892
-2257
-271
647
963
1684
2122
1904
2120
2639
1313
1601
2270
3087
3473
3144
3895
4175
3668
2383
3060
3835
2023
2351
3131
2576
3260
2921
2780
3728
3441
2841
3384
3064
2830
2149
1790
2940
2936
2798
1634
2092
2882
495
-2895
-2786
-1645
-759
-518
-2379
-1717
-1190
-1039
-1495
-976
-735
-1905
-1462
-1961
-2978
-2944
-2555
-2766
-2494
-2030
-2094
-2750
-3328
-2624
-2656
-3068
-2549
-2400
-2553
-1913
-814
-1296
-1069
-943
-1145
-193
-426
-323
-257
27
217
-277
-446
-569
91
-310
-786
-1118
-581
789
-1464
-1968
-566
-767
-1291
-939
-680
-1647
-2104
-2099
-988
-1370
-1301
-725
-1455
-589
-578
-1094
-581
-801
-1163
-690
-336
-248
242
-197
-820
-513
504
900
110
131
-520
-1973
-1427
611
934
863
1099
259
-556
519
2819
1198
500
3028
1700
709
3179
3929
2342
1502
2538
2073
203
1384
1783
-563
159
-813
-4114
-1829
-21
-1360
-97
-783
-3074
-1328
1912
2438
1089
1792
2519
1810
2611
3239
1089
1368
2885
922
505
1434
1469
174
563
2276
-923
-1280
680
-929
-1788
-716
-1203
-3297
-1487
-1958
-3994
-1808
-424
-1500
-1647
-344
-2737
-2554
177
-1188
-1614
490
430
-2702
-896
2122
-840
-1161
2397
1350
1928
5648
3910
2274
4878
4175
926
3574
4281
-726
137
3444
-141
-1732
1247
-844
-4577
-802
117
-6266
-3989
-497
-4267
-4769
-1129
-2794
-5668
-1788
-2472
-5279
-1224
-1069
-5138
-2054
1512
-2687
-3190
2368
-176
-3934
1880
1880
-3224
219
3446
-1178
-1433
3024
733
-2186
407
2168
-1367
-120
3264
89
-957
1677
1609
-1487
-862
1817
532
-260
1168
510
-165
130
992
1075
1618
2464
1320
2108
1237
99
1462
2236
1345
190
2190
1593
-993
2239
2772
-299
1878
3397
505
-47
2198
359
938
3440
754
622
2682
1868
-979
1419
2424
-3700
-976
2371
-1920
-720
1448
-1985
-3905
1090
1001
-4556
1829
4385
-2478
326
5895
1705
-880
4950
3944
178
4524
4105
867
4628
4364
-443
780
3591
-146
24
4060
280
-2296
1928
1798
-3343
-2342
1838
-167
-761
2724
766
-1035
145
1985
-196
-1639
1094
152
-322
-319
801
170
-126
472
-1376
-652
-1201
-1240
-1374
-2921
-1229
-101
-761
-1309
-268
-1074
-2817
-341
986
-1609
-2026
1591
870
-2312
246
858
-3114
-2001
458
-2901
-3284
1313
-1248
-4278
895
156
-4581
-165
1853
-4608
-3124
2775
-2220
-4340
1715
-156
-5552
-1098
564
-3852
-271
2366
-2557
-3059
4142
-113
-4997
1836
1399
-2929
-75
3295
-1200
-1616
3058
1043
-3031
-530
1318
-2548
-1421
982
-2094
-2731
1182
-479
-3732
-143
-993
-3254
-588
495
-712
-2347
7
468
-1300
-535
282
-578
-1918
-697
-670
-739
-754
-373
269
-733
-1149
-493
-24
-1330
-517
1058
-1107
-1613
1250
-905
-3090
430
-109
-5244
-1887
990
-5519
-4028
790
-4345
-7281
136
973
-3744
1010
3607
-292
802
3633
1176
1920
5353
3031
867
5069
5248
894
2879
5731
1614
-1621
2750
2933
-2508
-986
4664
-263
-3916
2413
2207
-3226
-1541
3319
-2712
-4678
3769
562
-5036
229
2285
-4091
-4414
2222
346
-1966
1325
1384
-1164
-107
1397
-1558
972
2947
-32
1165
3667
1625
1745
3896
1292
2000
4376
1278
347
3326
1706
-684
1864
1875
-1597
-924
1415
-2800
-1469
2806
-2477
-2338
1564
-150
-2229
1626
3030
-693
944
1716
